845212
518093
600713
191164
572379
678065
509823
522737
903975
310534
512807
526935
880157
258443
37193
34440
315558
374756
587160
174410
135713
414059
238261
736003
635897
132819
837552
736601
419094
760794
702798
339719
93775
879499
692390
477501
551453
20429
137573
83733
190986
592460
800625
22093
128200
722594
71403
167142
347807
422593
624109
646744
310398
384479
433747
487696
539923
723295
696759
534823
558229
453976
55476
883328
439870
411140
87532
720029
844983
651911
372709
573246
855275
462522
252846
618104
217597
34451
504031
522670
318806
167795
240606
165679
