original input:
755174, 305987, 796405, 56417, 130118, 
173347, 266266, 323659, 771587, 118510, 
896553, 515290, 512386, 361486, 466431, 
744230, 15088, 172921, 695141, 699891, 
795730, 122675, 294193, 590245, 805881, 
299425, 462253, 548095, 813459, 448459, 
884815, 387131, 611358, 86509, 666760, 
587816, 451064, 828347, 439065, 562107, 
190099, 776206, 351294, 276340, 710788, 
34031, 306510, 250159, 88186, 27806, 
27643, 75842, 901067, 630399, 590452, 
854137, 306410, 212866, 779819, 475788, 
236725, 184590, 107440, 721018, 268619, 
87882, 324507, 188037, 355963, 21575, 
503241, 473993, 865047, 410189, 887134, 
76666, 265960, 305569, 295913, 68633, 
351866, 470352, 482565, 649938, 740984, 
343674, 309243, 500694, 763955, 691613, 
401605, 286800, 115387, 855005, 860494, 
657509, 728688, 401518, 52629, 116781, 
515986, 170302, 451248, 763593, 594741, 
879137, 585036, 129696, 303857, 660953, 
830771, 535386, 849109, 497794, 756007, 
692056, 450011, 250488, 648842, 328813

scheme -1 (division) - modulo: 113, bucket size: 1, quadratic
# of primary collisions: 64, secondary collisions: 570, total collisions: 634
# of comparisons: 752, records inserted: 118, load factor: 0.983333

303857  250488  None    401605  585036  
173347  901067  779819  27806   776206  
515290  896553  744230  188037  355963  
115387  170302  305569  710788  34031   
75842   268619  594741  771587  660953  
884815  657509  323659  611358  401518  
56417   172921  590452  190099  535386  
865047  116781  497794  266266  515986  
451248  343674  68633   740984  512386  
548095  590245  88186   562107  470352  
855005  763593  503241  76666   294193  
130118  276340  828347  475788  15088   
666760  439065  306510  482565  86509   
728688  184590  306410  691613  286800  
122675  27643   473993  52629   265960  
448459  649938  830771  695141  805881  
466431  451064  699891  462253  854137  
813459  118510  212866  299425  721018  
351294  250159  87882   630399  796405  
107440  305987  795730  295913  324507  
351866  328813  849109  587816  236725  
21575   387131  500694  755174  129696  
309243  879137  361486  410189  648842  
860494  763955  756007  None    887134  

Execution Time: 9.525e-02 seconds
Memory Usage: 2.097e+06 bytes
