original input:
9999, 17918, 25837, 33756, 41675, 
49594, 57513, 65432, 73351, 81270, 
89189, 97108, 105027, 112946, 120865, 
128784, 136703, 144622, 152541, 160460, 
168379, 176298, 184217, 192136, 200055, 
207974, 215893, 223812, 231731, 239650, 
247569, 255488, 263407, 271326, 279245, 
287164, 295083, 303002, 310921, 318840, 
326759, 334678, 342597, 350516, 358435, 
366354, 374273, 382192, 390111, 398030, 
405949, 413868, 421787, 429706, 437625, 
445544, 453463, 461382, 469301, 477220, 
485139, 493058, 500977, 508896, 516815, 
524734, 532653, 540572, 548491, 556410, 
564329, 572248, 580167, 588086, 596005, 
603924, 611843, 619762, 627681, 635600, 
643519, 651438, 659357, 667276, 675195, 
683114, 691033, 698952, 706871, 714790, 
722709, 730628, 738547, 746466, 754385, 
762304, 770223, 778142, 786061, 793980, 
801899, 809818, 817737, 825656, 833575, 
841494, 849413, 857332, 865251, 873170, 
881089, 889008, 896927, 904846, 912765, 
920684, 928603, 936522, 944441

scheme -1 (custom) - modulo: N/A, bucket size: 3, quadratic
# of primary collisions: 24, secondary collisions: 296, total collisions: 320
# of comparisons: 438, records inserted: 118, load factor: 0.983333

762304  469301  176298  
643519  350516  57513   
809818  231731  920684  
675195  556410  263407  
730628  437625  144622  
611843  318840  25837   
493058  200055  793980  
817737  81270   None    
524734  405949  112946  
580167  287164  754385  
461382  168379  865251  
342597  49594   786061  
667276  374273  841494  
548491  255488  722709  
429706  136703  603924  
310921  17918   770223  
192136  849413  635600  
516815  223812  691033  
398030  105027  572248  
279245  873170  453463  
160460  896927  778142  
41675   928603  485139  
366354  73351   540572  
247569  714790  421787  
128784  904846  303002  
9999    746466  627681  
334678  801899  508896  
215893  683114  390111  
97108   564329  271326  
659357  889008  152541  
944441  596005  477220  
184217  651438  358435  
65432   532653  239650  
833575  698952  120865  
857332  738547  445544  
912765  619762  326759  
33756   500977  207974  
None    382192  89189   
825656  706871  413868  
881089  588086  295083  

Execution Time: 6.999e-02 seconds
Memory Usage: 1.049e+06 bytes
