original input:
755174, 305987, 796405, 56417, 130118, 
173347, 266266, 323659, 771587, 118510, 
896553, 515290, 512386, 361486, 466431, 
744230, 15088, 172921, 695141, 699891, 
795730, 122675, 294193, 590245, 805881, 
299425, 462253, 548095, 813459, 448459, 
884815, 387131, 611358, 86509, 666760, 
587816, 451064, 828347, 439065, 562107, 
190099, 776206, 351294, 276340, 710788, 
34031, 306510, 250159, 88186, 27806, 
27643, 75842, 901067, 630399, 590452, 
854137, 306410, 212866, 779819, 475788, 
236725, 184590, 107440, 721018, 268619, 
87882, 324507, 188037, 355963, 21575, 
503241, 473993, 865047, 410189, 887134, 
76666, 265960, 305569, 295913, 68633, 
351866, 470352, 482565, 649938, 740984, 
343674, 309243, 500694, 763955, 691613, 
401605, 286800, 115387, 855005, 860494, 
657509, 728688, 401518, 52629, 116781, 
515986, 170302, 451248, 763593, 594741, 
879137, 585036, 129696, 303857, 660953, 
830771, 535386, 849109, 497794, 756007, 
692056, 450011, 250488, 648842, 328813

scheme -1 (division) - modulo: 127, bucket size: 1, quadratic
# of primary collisions: 73, secondary collisions: 651, total collisions: 724
# of comparisons: 841, records inserted: 117, load factor: 0.975000

122675  699891  34031   27806   901067  
562107  884815  236725  107440  305569  
744230  87882   666760  309243  351294  
295913  212866  268619  343674  118510  
451248  648842  448459  75842   813459  
86509   439065  None    324507  56417   
265960  590452  755174  401605  286800  
387131  657509  473993  None    779819  
450011  721018  887134  855005  305987  
879137  361486  660953  88186   475788  
865047  515290  763955  828347  52629   
68633   594741  692056  170302  306510  
896553  294193  771587  323659  854137  
184590  805881  503241  512386  740984  
130118  470352  695141  115387  266266  
795730  172921  188037  590245  351866  
587816  649938  585036  401518  27643   
76666   299425  466431  306410  451064  
548095  728688  482565  860494  830771  
500694  710788  303857  250159  763593  
462253  630399  15088   116781  691613  
535386  410189  611358  None    190099  
250488  776206  355963  497794  21575   
796405  849109  276340  515986  173347  

Execution Time: 1.477e-01 seconds
Memory Usage: 2.097e+06 bytes
