original input:
755174, 305987, 796405, 56417, 130118, 
173347, 266266, 323659, 771587, 118510, 
896553, 515290, 512386, 361486, 466431, 
744230, 15088, 172921, 695141, 699891, 
795730, 122675, 294193, 590245, 805881, 
299425, 462253, 548095, 813459, 448459, 
884815, 387131, 611358, 86509, 666760, 
587816, 451064, 828347, 439065, 562107, 
190099, 776206, 351294, 276340, 710788, 
34031, 306510, 250159, 88186, 27806, 
27643, 75842, 901067, 630399, 590452, 
854137, 306410, 212866, 779819, 475788, 
236725, 184590, 107440, 721018, 268619, 
87882, 324507, 188037, 355963, 21575, 
503241, 473993, 865047, 410189, 887134, 
76666, 265960, 305569, 295913, 68633, 
351866, 470352, 482565, 649938, 740984, 
343674, 309243, 500694, 763955, 691613, 
401605, 286800, 115387, 855005, 860494, 
657509, 728688, 401518, 52629, 116781, 
515986, 170302, 451248, 763593, 594741, 
879137, 585036, 129696, 303857, 660953, 
830771, 535386, 849109, 497794, 756007, 
692056, 450011, 250488, 648842, 328813

scheme -1 (division) - modulo: 127, bucket size: 1, quadratic
# of primary collisions: 68, secondary collisions: 471, total collisions: 539
# of comparisons: 658, records inserted: 119, load factor: 0.991667

122675  699891  34031   27806   236725  
562107  884815  901067  107440  535386  
744230  666760  351294  87882   212866  
268619  309243  343674  305569  118510  
451248  170302  448459  86509   813459  
324507  439065  265960  75842   56417   
590452  401605  755174  657509  473993  
387131  497794  286800  295913  779819  
721018  855005  887134  879137  305987  
361486  475788  250488  88186   328813  
865047  515290  401518  828347  68633   
763955  52629   692056  129696  306510  
896553  294193  771587  323659  184590  
587816  805881  854137  512386  740984  
130118  695141  503241  116781  266266  
172921  795730  590245  188037  351866  
649938  303857  470352  594741  27643   
76666   299425  466431  451064  306410  
548095  450011  482565  860494  115387  
500694  710788  250159  630399  691613  
462253  648842  15088   585036  728688  
830771  410189  611358  190099  776206  
355963  756007  21575   515986  849109  
796405  276340  763593  None    173347  

Execution Time: 8.915e-04 seconds
Memory Usage: 0.000e+00 bytes
