original input:
845212, 518093, 600713, 191164, 572379, 
678065, 509823, 522737, 903975, 310534, 
512807, 526935, 880157, 258443, 37193, 
34440, 315558, 374756, 587160, 174410, 
135713, 414059, 238261, 736003, 635897, 
132819, 837552, 736601, 419094, 760794, 
702798, 339719, 93775, 879499, 692390, 
477501, 551453, 20429, 137573, 83733, 
190986, 592460, 800625, 22093, 128200, 
722594, 71403, 167142, 347807, 422593, 
624109, 646744, 310398, 384479, 433747, 
487696, 539923, 723295, 696759, 534823, 
558229, 453976, 55476, 883328, 439870, 
411140, 87532, 720029, 844983, 651911, 
372709, 573246, 855275, 462522, 252846, 
618104, 217597, 34451, 504031, 522670, 
318806, 167795, 240606, 165679

scheme -1 (division) - modulo: 127, bucket size: 1, quadratic
# of primary collisions: 34, secondary collisions: 63, total collisions: 97
# of comparisons: 181, records inserted: 84, load factor: 0.700000

None    736601  419094  600713  339719  
522737  258443  None    635897  238261  
167142  592460  678065  526935  None    
None    310398  800625  None    310534  
551453  651911  487696  34440   879499  
None    534823  845212  167795  191164  
22093   624109  137573  723295  34451   
71403   318806  696759  736003  587160  
174410  83733   414059  433747  883328  
509823  539923  880157  None    93775   
384479  411140  844983  None    None    
None    217597  128200  855275  None    
518093  646744  252846  None    760794  
422593  720029  558229  618104  439870  
None    522670  165679  None    87532   
None    None    135713  453976  None    
None    347807  None    240606  None    
None    None    None    None    None    
315558  722594  372709  None    None    
573246  504031  None    None    None    
None    None    None    None    132819  
190986  374756  702798  512807  37193   
20429   477501  None    692390  837552  
462522  903975  572379  None    55476   

Execution Time: 2.825e-04 seconds
Memory Usage: 0.000e+00 bytes
