original input:
755174, 305987, 796405, 56417, 130118, 
173347, 266266, 323659, 771587, 118510, 
896553, 515290, 512386, 361486, 466431, 
744230, 15088, 172921, 695141, 699891, 
795730, 122675, 294193, 590245, 805881, 
299425, 462253, 548095, 813459, 448459, 
884815, 387131, 611358, 86509, 666760, 
587816, 451064, 828347, 439065, 562107, 
190099, 776206, 351294, 276340, 710788, 
34031, 306510, 250159, 88186, 27806, 
27643, 75842, 901067, 630399, 590452, 
854137, 306410, 212866, 779819, 475788, 
236725, 184590, 107440, 721018, 268619, 
87882, 324507, 188037, 355963, 21575, 
503241, 473993, 865047, 410189, 887134, 
76666, 265960, 305569, 295913, 68633, 
351866, 470352, 482565, 649938, 740984, 
343674, 309243, 500694, 763955, 691613, 
401605, 286800, 115387, 855005, 860494, 
657509, 728688, 401518, 52629, 116781, 
515986, 170302, 451248, 763593, 594741, 
879137, 585036, 129696, 303857, 660953, 
830771, 535386, 849109, 497794, 756007, 
692056, 450011, 250488, 648842, 328813

scheme -1 (division) - modulo: 127, bucket size: 3, quadratic
# of primary collisions: 70, secondary collisions: 334, total collisions: 404
# of comparisons: 524, records inserted: 120, load factor: 1.000000

122675  699891  34031   
295913  901067  562107  
884815  107440  250488  
27806   744230  170302  
666760  236725  351294  
497794  212866  343674  
648842  118510  401518  
305569  448459  75842   
813459  87882   439065  
86509   268619  56417   
657509  590452  755174  
401605  473993  387131  
324507  451248  129696  
779819  309243  721018  
265960  286800  305987  
879137  361486  660953  
88186   450011  865047  
515290  763955  828347  
594741  475788  52629   
515986  68633   306510  
896553  294193  771587  
323659  854137  587816  
805881  503241  512386  
500694  130118  470352  
695141  184590  266266  
795730  172921  188037  
590245  649938  740984  
351866  116781  887134  
27643   76666   299425  
466431  306410  451064  
548095  115387  482565  
303857  728688  855005  
710788  328813  250159  
830771  462253  585036  
15088   630399  860494  
756007  410189  611358  
535386  190099  692056  
776206  21575   763593  
355963  796405  849109  
276340  691613  173347  

Execution Time: 1.462e-01 seconds
Memory Usage: 2.097e+06 bytes
