original input:
755174, 305987, 796405, 56417, 130118, 
173347, 266266, 323659, 771587, 118510, 
896553, 515290, 512386, 361486, 466431, 
744230, 15088, 172921, 695141, 699891, 
795730, 122675, 294193, 590245, 805881, 
299425, 462253, 548095, 813459, 448459, 
884815, 387131, 611358, 86509, 666760, 
587816, 451064, 828347, 439065, 562107, 
190099, 776206, 351294, 276340, 710788, 
34031, 306510, 250159, 88186, 27806, 
27643, 75842, 901067, 630399, 590452, 
854137, 306410, 212866, 779819, 475788, 
236725, 184590, 107440, 721018, 268619, 
87882, 324507, 188037, 355963, 21575, 
503241, 473993, 865047, 410189, 887134, 
76666, 265960, 305569, 295913, 68633, 
351866, 470352, 482565, 649938, 740984, 
343674, 309243, 500694, 763955, 691613, 
401605, 286800, 115387, 855005, 860494, 
657509, 728688, 401518, 52629, 116781, 
515986, 170302, 451248, 763593, 594741, 
879137, 585036, 129696, 303857, 660953, 
830771, 535386, 849109, 497794, 756007, 
692056, 450011, 250488, 648842, 328813

scheme -1 (custom) - modulo: N/A, bucket size: 3, quadratic
# of primary collisions: 57, secondary collisions: 590, total collisions: 647
# of comparisons: 764, records inserted: 117, load factor: 0.975000

15088   587816  562107  
34031   236725  212866  
744230  309243  503241  
410189  351866  265960  
276340  805881  401605  
305987  779819  52629   
512386  884815  None    
88186   755174  828347  
763593  184590  115387  
649938  879137  172921  
None    450011  740984  
482565  855005  497794  
585036  68633   849109  
268619  666760  None    
795730  451248  324507  
896553  306510  448459  
190099  590245  86509   
21575   475788  439065  
361486  813459  387131  
462253  76666   548095  
763955  305569  295913  
323659  771587  691613  
355963  286800  116781  
343674  611358  27806   
27643   515986  266266  
466431  594741  129696  
130118  776206  303857  
401518  75842   250159  
710788  299425  887134  
170302  107440  695141  
830771  756007  328813  
660953  500694  901067  
470352  188037  515290  
306410  657509  473993  
118510  122675  728688  
796405  721018  630399  
865047  294193  854137  
173347  451064  860494  
87882   692056  590452  
56417   351294  699891  

Execution Time: 9.403e-02 seconds
Memory Usage: 1.049e+06 bytes
