original input:
9999, 17918, 25837, 33756, 41675, 
49594, 57513, 65432, 73351, 81270, 
89189, 97108, 105027, 112946, 120865, 
128784, 136703, 144622, 152541, 160460, 
168379, 176298, 184217, 192136, 200055, 
207974, 215893, 223812, 231731, 239650, 
247569, 255488, 263407, 271326, 279245, 
287164, 295083, 303002, 310921, 318840, 
326759, 334678, 342597, 350516, 358435, 
366354, 374273, 382192, 390111, 398030, 
405949, 413868, 421787, 429706, 437625, 
445544, 453463, 461382, 469301, 477220, 
485139, 493058, 500977, 508896, 516815, 
524734, 532653, 540572, 548491, 556410, 
564329, 572248, 580167, 588086, 596005, 
603924, 611843, 619762, 627681, 635600, 
643519, 651438, 659357, 667276, 675195, 
683114, 691033, 698952, 706871, 714790, 
722709, 730628, 738547, 746466, 754385, 
762304, 770223, 778142, 786061, 793980, 
801899, 809818, 817737, 825656, 833575, 
841494, 849413, 857332, 865251, 873170, 
881089, 889008, 896927, 904846, 912765, 
920684, 928603, 936522, 944441

scheme -1 (division) - modulo: 127, bucket size: 3, quadratic
# of primary collisions: 31, secondary collisions: 122, total collisions: 153
# of comparisons: 272, records inserted: 119, load factor: 0.991667

215893  239650  596005  
350516  374273  105027  
128784  485139  508896  
263407  619762  17918   
398030  754385  152541  
532653  889008  287164  
643519  41675   421787  
778142  176298  556410  
912765  310921  667276  
65432   445544  801899  
200055  580167  936522  
334678  691033  89189   
469301  825656  223812  
603924  865251  358435  
714790  112946  493058  
849413  247569  627681  
None    382192  738547  
136703  516815  873170  
271326  651438  25837   
405949  762304  160460  
540572  896927  295083  
675195  49594   429706  
786061  184217  564329  
730628  318840  698952  
73351   453463  809818  
207974  588086  920684  
342597  722709  97108   
477220  833575  231731  
611843  944441  366354  
746466  120865  500977  
857332  255488  635600  
9999    390111  770223  
144622  524734  881089  
279245  659357  33756   
413868  793980  168379  
548491  904846  303002  
683114  57513   437625  
817737  192136  572248  
928603  326759  706871  
81270   461382  841494  

Execution Time: 1.305e-01 seconds
Memory Usage: 1.049e+06 bytes
