original input:
640246, 121228, 44958, 645323, 32652, 
752332, 592322, 527923, 286433, 59402, 
652352, 908172, 136238, 477932, 256672, 
369168, 400525, 83442, 246627, 166433, 
611373, 645027, 166721, 22923, 59904, 
274803, 456778, 87093, 26447, 765741, 
311630, 688035, 315021, 50755, 655481, 
300299, 882600, 551151, 372342, 139441, 
252284, 844996, 802740, 440610, 828065, 
738070, 849030, 855529, 469029, 596291, 
276324, 844434, 538741, 581308, 17006, 
401881, 140212, 106996, 870929, 635342, 
884046, 163589, 378210, 152999, 136774, 
133785, 14536, 891745, 628492, 630331, 
673398, 122293, 505866, 797978, 711766, 
479379, 456189, 89943, 349793, 773374, 
326209, 286668, 490378, 37188, 211269, 
72377, 620122, 835991, 494654, 336780, 
700150, 683693, 310488, 191948, 692894, 
792305, 184359, 853731, 207183, 240323, 
531675, 134181, 181511, 297843, 222673, 
671553, 813416, 409493

scheme -1 (division) - modulo: 127, bucket size: 1, quadratic
# of primary collisions: 46, secondary collisions: 150, total collisions: 196
# of comparisons: 304, records inserted: 108, load factor: 0.900000

44958   592322  908172  83442   611373  
256672  246627  645027  139441  538741  
140212  844434  884046  32652   136774  
163589  378210  456189  469029  None    
None    700150  None    813416  409493  
828065  596291  505866  181511  581308  
630331  477932  286668  26447   655481  
849030  645323  797978  349793  640246  
853731  240323  89943   490378  673398  
222673  207183  440610  286433  None    
None    191948  683693  401881  133785  
531675  None    855529  765741  None    
14536   315021  252284  166433  106996  
22923   711766  844996  211269  134181  
121228  300299  None    738070  773374  
326209  688035  882600  891745  835991  
652352  479379  50755   None    184359  
792305  456778  59904   635342  None    
870929  152999  None    59402   136238  
None    400525  166721  87093   311630  
551151  276324  274803  802740  628492  
372342  369168  37188   620122  336780  
671553  752332  310488  527923  72377   
17006   494654  692894  297843  122293  

Execution Time: 7.440e-02 seconds
Memory Usage: 1.049e+06 bytes
