original input:
640246, 121228, 44958, 645323, 32652, 
752332, 592322, 527923, 286433, 59402, 
652352, 908172, 136238, 477932, 256672, 
369168, 400525, 83442, 246627, 166433, 
611373, 645027, 166721, 22923, 59904, 
274803, 456778, 87093, 26447, 765741, 
311630, 688035, 315021, 50755, 655481, 
300299, 882600, 551151, 372342, 139441, 
252284, 844996, 802740, 440610, 828065, 
738070, 849030, 855529, 469029, 596291, 
276324, 844434, 538741, 581308, 17006, 
401881, 140212, 106996, 870929, 635342, 
884046, 163589, 378210, 152999, 136774, 
133785, 14536, 891745, 628492, 630331, 
673398, 122293, 505866, 797978, 711766, 
479379, 456189, 89943, 349793, 773374, 
326209, 286668, 490378, 37188, 211269, 
72377, 620122, 835991, 494654, 336780, 
700150, 683693, 310488, 191948, 692894, 
792305, 184359, 853731, 207183, 240323, 
531675, 134181, 181511, 297843, 222673, 
671553, 813416, 409493

scheme -1 (division) - modulo: 113, bucket size: 1, quadratic
# of primary collisions: 51, secondary collisions: 215, total collisions: 266
# of comparisons: 374, records inserted: 108, load factor: 0.900000

89943   828065  152999  652352  773374  
26447   855529  372342  456189  409493  
286668  37188   531675  620122  59904   
None    853731  630331  50755   835991  
711766  None    700150  645027  None    
440610  None    122293  None    671553  
None    673398  456778  479379  692894  
181511  581308  None    870929  276324  
336780  None    813416  611373  136774  
683693  166721  884046  83442   256672  
551151  None    134181  400525  207183  
477932  765741  72377   300299  17006   
349793  246627  635342  849030  891745  
401881  222673  738070  252284  None    
882600  490378  538741  136238  14536   
211269  191948  59402   163589  469029  
505866  655481  792305  87093   None    
797978  184359  240323  494654  592322  
315021  752332  121228  645323  286433  
311630  297843  44958   844996  166433  
527923  640246  274803  22923   908172  
596291  688035  802740  32652   133785  
369168  628492  139441  844434  378210  
326209  140212  None    106996  310488  

Execution Time: 1.113e-01 seconds
Memory Usage: 1.049e+06 bytes
