original input:
755174, 305987, 796405, 56417, 130118, 
173347, 266266, 323659, 771587, 118510, 
896553, 515290, 512386, 361486, 466431, 
744230, 15088, 172921, 695141, 699891, 
795730, 122675, 294193, 590245, 805881, 
299425, 462253, 548095, 813459, 448459, 
884815, 387131, 611358, 86509, 666760, 
587816, 451064, 828347, 439065, 562107, 
190099, 776206, 351294, 276340, 710788, 
34031, 306510, 250159, 88186, 27806, 
27643, 75842, 901067, 630399, 590452, 
854137, 306410, 212866, 779819, 475788, 
236725, 184590, 107440, 721018, 268619, 
87882, 324507, 188037, 355963, 21575, 
503241, 473993, 865047, 410189, 887134, 
76666, 265960, 305569, 295913, 68633, 
351866, 470352, 482565, 649938, 740984, 
343674, 309243, 500694, 763955, 691613, 
401605, 286800, 115387, 855005, 860494, 
657509, 728688, 401518, 52629, 116781, 
515986, 170302, 451248, 763593, 594741, 
879137, 585036, 129696, 303857, 660953, 
830771, 535386, 849109, 497794, 756007, 
692056, 450011, 250488, 648842, 328813

scheme -1 (division) - modulo: 41, bucket size: 3, quadratic
# of primary collisions: 95, secondary collisions: 971, total collisions: 1066
# of comparisons: 1185, records inserted: 119, load factor: 0.991667

15088   56417   515290  
795730  305987  323659  
896553  548095  771587  
512386  590245  448459  
266266  122675  27806   
466431  351294  299425  
294193  462253  118510  
796405  699891  451064  
172921  130118  805881  
695141  611358  813459  
361486  901067  590452  
666760  828347  884815  
755174  387131  439065  
744230  173347  86509   
88186   587816  562107  
776206  34031   236725  
710788  268619  306510  
190099  630399  854137  
250159  276340  212866  
865047  76666   351866  
475788  75842   306410  
184590  27643   107440  
188037  355963  779819  
721018  410189  295913  
887134  503241  87882   
21575   68633   740984  
324507  265960  500694  
482565  305569  286800  
649938  879137  535386  
309243  473993  250488  
343674  470352  52629   
763955  129696  170302  
401518  303857  855005  
657509  763593  401605  
728688  691613  115387  
860494  515986  451248  
692056  328813  849109  
660953  585036  756007  
594741  None    497794  
450011  116781  830771  

Execution Time: 2.354e-01 seconds
Memory Usage: 2.097e+06 bytes
