original input:
755174, 305987, 796405, 56417, 130118, 
173347, 266266, 323659, 771587, 118510, 
896553, 515290, 512386, 361486, 466431, 
744230, 15088, 172921, 695141, 699891, 
795730, 122675, 294193, 590245, 805881, 
299425, 462253, 548095, 813459, 448459, 
884815, 387131, 611358, 86509, 666760, 
587816, 451064, 828347, 439065, 562107, 
190099, 776206, 351294, 276340, 710788, 
34031, 306510, 250159, 88186, 27806, 
27643, 75842, 901067, 630399, 590452, 
854137, 306410, 212866, 779819, 475788, 
236725, 184590, 107440, 721018, 268619, 
87882, 324507, 188037, 355963, 21575, 
503241, 473993, 865047, 410189, 887134, 
76666, 265960, 305569, 295913, 68633, 
351866, 470352, 482565, 649938, 740984, 
343674, 309243, 500694, 763955, 691613, 
401605, 286800, 115387, 855005, 860494, 
657509, 728688, 401518, 52629, 116781, 
515986, 170302, 451248, 763593, 594741, 
879137, 585036, 129696, 303857, 660953, 
830771, 535386, 849109, 497794, 756007, 
692056, 450011, 250488, 648842, 328813

scheme -1 (division) - modulo: 41, bucket size: 3, quadratic
# of primary collisions: 95, secondary collisions: 906, total collisions: 1001
# of comparisons: 1120, records inserted: 119, load factor: 0.991667

15088   56417   515290  
122675  305987  323659  
896553  795730  771587  
512386  448459  590245  
266266  27806   387131  
466431  299425  710788  
294193  462253  118510  
796405  306410  699891  
172921  130118  805881  
695141  813459  828347  
361486  590452  666760  
351294  548095  884815  
755174  451064  562107  
744230  173347  88186   
611358  190099  776206  
86509   439065  75842   
268619  587816  482565  
630399  854137  250159  
276340  34031   865047  
76666   351866  475788  
779819  503241  306510  
27643   901067  188037  
355963  236725  721018  
410189  212866  887134  
305569  184590  107440  
68633   740984  324507  
265960  500694  728688  
295913  286800  649938  
87882   535386  21575   
473993  250488  343674  
470352  52629   763955  
129696  170302  401518  
303857  855005  309243  
763593  401605  594741  
691613  115387  860494  
515986  451248  660953  
328813  849109  657509  
585036  756007  450011  
None    497794  692056  
116781  830771  879137  

Execution Time: 1.279e-01 seconds
Memory Usage: 2.097e+06 bytes
