original input:
1, 2, 3, 4, 5, 
6, 7, 8, 9, 10, 
11, 12, 13, 14, 15, 
16, 17, 18, 19, 20, 
21, 22, 23, 24, 25, 
26, 27, 28, 29, 30, 
31, 32, 33, 34, 35, 
36, 37, 38, 39, 40, 
41, 42, 43, 44, 45, 
46, 47, 48, 49, 50, 
51, 52, 53, 54, 55, 
56, 57, 58, 59, 60, 
61, 62, 63, 64, 65, 
66, 67, 68, 69, 70, 
71, 72, 73, 74, 75, 
76, 77, 78, 79, 80, 
81, 82, 83, 84, 85, 
86, 87, 88, 89, 90, 
91, 92, 93, 94, 95, 
96, 97, 98, 99, 100, 
101, 102, 103, 104, 105, 
106, 107, 108, 109, 110, 
1000, 1113, 1500, 1613, 2000, 
2113

scheme -1 (division) - modulo: 41, bucket size: 3, quadratic
# of primary collisions: 75, secondary collisions: 1029, total collisions: 1104
# of comparisons: 1220, records inserted: 116, load factor: 0.966667

41      1       2       
3       4       5       
6       7       8       
9       10      11      
12      13      14      
15      16      17      
18      19      20      
21      22      23      
24      25      26      
27      28      29      
30      31      32      
33      34      35      
36      37      38      
39      40      47      
48      42      43      
44      45      46      
54      55      49      
50      51      52      
53      61      62      
56      57      58      
59      60      68      
69      63      64      
65      66      67      
75      76      70      
71      72      73      
74      86      87      
77      78      79      
80      81      85      
94      95      88      
89      90      91      
82      83      84      
103     96      97      
98      99      100     
101     92      93      
104     105     106     
107     108     109     
110     None    102     
None    2000    1613    
1500    1000    1113    
2113    None    None    

Execution Time: 1.994e-01 seconds
Memory Usage: 2.097e+06 bytes
