original input:
845212, 518093, 600713, 191164, 572379, 
678065, 509823, 522737, 903975, 310534, 
512807, 526935, 880157, 258443, 37193, 
34440, 315558, 374756, 587160, 174410, 
135713, 414059, 238261, 736003, 635897, 
132819, 837552, 736601, 419094, 760794, 
702798, 339719, 93775, 879499, 692390, 
477501, 551453, 20429, 137573, 83733, 
190986, 592460, 800625, 22093, 128200, 
722594, 71403, 167142, 347807, 422593, 
624109, 646744, 310398, 384479, 433747, 
487696, 539923, 723295, 696759, 534823, 
558229, 453976, 55476, 883328, 439870, 
411140, 87532, 720029, 844983, 651911, 
372709, 573246, 855275, 462522, 252846, 
618104, 217597, 34451, 504031, 522670, 
318806, 167795, 240606, 165679

scheme -1 (division) - modulo: 127, bucket size: 1, quadratic
# of primary collisions: 29, secondary collisions: 55, total collisions: 84
# of comparisons: 168, records inserted: 84, load factor: 0.700000

None    736601  22093   600713  419094  
522737  None    258443  635897  238261  
167142  592460  678065  339719  526935  
None    310398  800625  487696  310534  
651911  551453  618104  34440   879499  
None    534823  845212  167795  191164  
723295  71403   137573  624109  34451   
87532   318806  696759  736003  587160  
83733   174410  414059  883328  433747  
509823  539923  880157  217597  93775   
384479  None    844983  411140  None    
None    None    128200  None    855275  
518093  None    646744  None    760794  
522670  422593  558229  720029  439870  
240606  165679  None    None    None    
None    None    135713  453976  None    
None    347807  None    None    None    
None    None    None    None    None    
315558  722594  None    372709  None    
573246  None    504031  None    None    
None    None    None    None    132819  
190986  374756  702798  512807  37193   
477501  20429   55476   692390  837552  
462522  903975  572379  252846  None    

Execution Time: 6.999e-02 seconds
Memory Usage: 1.049e+06 bytes
