original input:
640246, 121228, 44958, 645323, 32652, 
752332, 592322, 527923, 286433, 59402, 
652352, 908172, 136238, 477932, 256672, 
369168, 400525, 83442, 246627, 166433, 
611373, 645027, 166721, 22923, 59904, 
274803, 456778, 87093, 26447, 765741, 
311630, 688035, 315021, 50755, 655481, 
300299, 882600, 551151, 372342, 139441, 
252284, 844996, 802740, 440610, 828065, 
738070, 849030, 855529, 469029, 596291, 
276324, 844434, 538741, 581308, 17006, 
401881, 140212, 106996, 870929, 635342, 
884046, 163589, 378210, 152999, 136774, 
133785, 14536, 891745, 628492, 630331, 
673398, 122293, 505866, 797978, 711766, 
479379, 456189, 89943, 349793, 773374, 
326209, 286668, 490378, 37188, 211269, 
72377, 620122, 835991, 494654, 336780, 
700150, 683693, 310488, 191948, 692894, 
792305, 184359, 853731, 207183, 240323, 
531675, 134181, 181511, 297843, 222673, 
671553, 813416, 409493

scheme -1 (division) - modulo: 127, bucket size: 3, quadratic
# of primary collisions: 43, secondary collisions: 77, total collisions: 120
# of comparisons: 228, records inserted: 108, load factor: 0.900000

44958   592322  908172  
83442   140212  256672  
645027  611373  538741  
246627  456189  139441  
844434  32652   163589  
884046  336780  None    
469029  None    378210  
813416  700150  None    
None    828065  596291  
89943   181511  581308  
630331  477932  26447   
297843  655481  849030  
645323  797978  286668  
640246  349793  505866  
853731  222673  673398  
136774  207183  440610  
286433  None    409493  
191948  683693  401881  
133785  240323  None    
855529  765741  14536   
None    315021  252284  
166433  22923   844996  
None    106996  211269  
531675  121228  300299  
773374  738070  711766  
None    688035  882600  
891745  792305  652352  
479379  50755   184359  
None    134181  456778  
59904   635342  326209  
870929  152999  None    
59402   136238  400525  
628492  166721  87093   
311630  802740  310488  
274803  551151  276324  
372342  369168  None    
620122  37188   835991  
752332  527923  671553  
72377   17006   490378  
494654  692894  122293  

Execution Time: 1.415e-01 seconds
Memory Usage: 1.049e+06 bytes
