original input:
845212, 518093, 600713, 191164, 572379, 
678065, 509823, 522737, 903975, 310534, 
512807, 526935, 880157, 258443, 37193, 
34440, 315558, 374756, 587160, 174410, 
135713, 414059, 238261, 736003, 635897, 
132819, 837552, 736601, 419094, 760794, 
702798, 339719, 93775, 879499, 692390, 
477501, 551453, 20429, 137573, 83733, 
190986, 592460, 800625, 22093, 128200, 
722594, 71403, 167142, 347807, 422593, 
624109, 646744, 310398, 384479, 433747, 
487696, 539923, 723295, 696759, 534823, 
558229, 453976, 55476, 883328, 439870, 
411140, 87532, 720029, 844983, 651911, 
372709, 573246, 855275, 462522, 252846, 
618104, 217597, 34451, 504031, 522670, 
318806, 167795, 240606, 165679

scheme -1 (custom) - modulo: N/A, bucket size: 1, linear
# of primary collisions: 23, secondary collisions: 25, total collisions: 48
# of comparisons: 132, records inserted: 84, load factor: 0.700000

34440   None    None    903975  191164  
55476   419094  167142  128200  20429   
None    534823  None    37193   310534  
422593  573246  618104  None    723295  
None    522737  522670  132819  240606  
None    None    844983  None    635897  
439870  71403   855275  551453  174410  
372709  217597  800625  165679  539923  
587160  518093  722594  347807  None    
None    None    414059  883328  None    
None    None    411140  678065  None    
572379  736003  238261  None    93775   
845212  384479  702798  696759  None    
None    None    504031  374756  600713  
None    None    453976  880157  477501  
190986  None    None    252846  None    
646744  22093   558229  512807  None    
135713  None    167795  None    624109  
None    526935  87532   None    315558  
879499  692390  433747  760794  None    
592460  736601  318806  258443  837552  
137573  83733   509823  339719  651911  
462522  34451   487696  720029  None    
None    None    None    310398  None    

Execution Time: 5.978e-04 seconds
Memory Usage: 0.000e+00 bytes
