original input:
755174, 305987, 796405, 56417, 130118, 
173347, 266266, 323659, 771587, 118510, 
896553, 515290, 512386, 361486, 466431, 
744230, 15088, 172921, 695141, 699891, 
795730, 122675, 294193, 590245, 805881, 
299425, 462253, 548095, 813459, 448459, 
884815, 387131, 611358, 86509, 666760, 
587816, 451064, 828347, 439065, 562107, 
190099, 776206, 351294, 276340, 710788, 
34031, 306510, 250159, 88186, 27806, 
27643, 75842, 901067, 630399, 590452, 
854137, 306410, 212866, 779819, 475788, 
236725, 184590, 107440, 721018, 268619, 
87882, 324507, 188037, 355963, 21575, 
503241, 473993, 865047, 410189, 887134, 
76666, 265960, 305569, 295913, 68633, 
351866, 470352, 482565, 649938, 740984, 
343674, 309243, 500694, 763955, 691613, 
401605, 286800, 115387, 855005, 860494, 
657509, 728688, 401518, 52629, 116781, 
515986, 170302, 451248, 763593, 594741, 
879137, 585036, 129696, 303857, 660953, 
830771, 535386, 849109, 497794, 756007, 
692056, 450011, 250488, 648842, 328813

scheme -1 (division) - modulo: 127, bucket size: 3, quadratic
# of primary collisions: 66, secondary collisions: 474, total collisions: 540
# of comparisons: 659, records inserted: 119, load factor: 0.991667

122675  699891  34031   
901067  236725  562107  
884815  305569  295913  
27806   744230  666760  
351294  343674  212866  
268619  594741  451248  
860494  118510  535386  
107440  448459  86509   
813459  170302  439065  
324507  75842   56417   
590452  265960  755174  
303857  473993  387131  
401605  763593  87882   
779819  721018  855005  
692056  286800  305987  
361486  475788  250488  
88186   657509  865047  
515290  52629   828347  
68633   887134  879137  
497794  660953  306510  
896553  294193  771587  
323659  184590  587816  
805881  854137  512386  
500694  130118  695141  
503241  763955  266266  
172921  795730  590245  
188037  649938  470352  
351866  740984  585036  
27643   76666   299425  
466431  451064  728688  
548095  306410  482565  
309243  115387  849109  
710788  250159  630399  
691613  462253  116781  
15088   756007  401518  
830771  410189  611358  
190099  776206  355963  
450011  21575   515986  
129696  796405  276340  
648842  None    173347  

Execution Time: 1.535e-01 seconds
Memory Usage: 2.097e+06 bytes
