original input:
640246, 121228, 44958, 645323, 32652, 
752332, 592322, 527923, 286433, 59402, 
652352, 908172, 136238, 477932, 256672, 
369168, 400525, 83442, 246627, 166433, 
611373, 645027, 166721, 22923, 59904, 
274803, 456778, 87093, 26447, 765741, 
311630, 688035, 315021, 50755, 655481, 
300299, 882600, 551151, 372342, 139441, 
252284, 844996, 802740, 440610, 828065, 
738070, 849030, 855529, 469029, 596291, 
276324, 844434, 538741, 581308, 17006, 
401881, 140212, 106996, 870929, 635342, 
884046, 163589, 378210, 152999, 136774, 
133785, 14536, 891745, 628492, 630331, 
673398, 122293, 505866, 797978, 711766, 
479379, 456189, 89943, 349793, 773374, 
326209, 286668, 490378, 37188, 211269, 
72377, 620122, 835991, 494654, 336780, 
700150, 683693, 310488, 191948, 692894, 
792305, 184359, 853731, 207183, 240323, 
531675, 134181, 181511, 297843, 222673, 
671553, 813416, 409493

scheme -1 (division) - modulo: 41, bucket size: 1, quadratic
# of primary collisions: 85, secondary collisions: 424, total collisions: 509
# of comparisons: 617, records inserted: 108, load factor: 0.900000

139441  652352  26447   59904   369168  
628492  22923   527923  849030  286433  
581308  87093   256672  83442   246627  
645027  32652   166721  315021  802740  
166433  274803  44958   752332  645323  
765741  300299  372342  908172  551151  
311630  640246  121228  611373  59402   
440610  592322  400525  136238  596291  
456778  855529  477932  276324  50755   
882600  401881  252284  469029  133785  
688035  140212  378210  844996  870929  
828065  630331  844434  17006   456189  
326209  655481  891745  106996  884046  
738070  635342  122293  505866  14536   
700150  692894  797978  286668  673398  
538741  163589  89943   490378  773374  
711766  479379  349793  310488  211269  
620122  136774  191948  152999  853731  
494654  37188   683693  297843  181511  
792305  336780  184359  None    None    
207183  None    72377   134181  671553  
None    None    813416  835991  222673  
None    None    240323  None    None    
None    409493  None    531675  None    

Execution Time: 1.069e-01 seconds
Memory Usage: 2.097e+06 bytes
