original input:
1000, 1001, 1002, 1003, 1004, 
1005, 1006, 1007, 1008, 1009, 
1010, 1011, 1012, 1013, 1014, 
1015, 1016, 1017, 1018, 1019, 
1020, 1021, 1022, 1023, 1024, 
1025, 1026, 1027, 1028, 1029, 
1030, 1031, 1032, 1033, 1034, 
1035, 1036, 1037, 1038, 1039, 
1040, 1041, 1042, 1043, 1044, 
1045, 1046, 1047, 1048, 1049, 
1050, 1051, 1052, 1053, 1054, 
1055, 1056, 1057, 1058, 1059, 
1060, 1061, 1062, 1063, 1064, 
1065, 1066, 1067, 1068, 1069, 
1070, 1071, 1072, 1073, 1074, 
1075, 1076, 1077, 1078, 1079, 
1080, 1081, 1082, 1083, 1084, 
1085, 1086, 1087, 1088, 1089, 
1090, 1091, 1092, 1093, 1094, 
1095, 1096, 1097, 1098, 1099, 
1100, 1101, 1102, 1103, 1104, 
1105, 1106, 1107, 1108, 1109, 
1110, 1111, 1112, 1113, 1114, 
1115, 1116, 1117, 1118

scheme -1 (custom) - modulo: N/A, bucket size: 3, quadratic
# of primary collisions: 106, secondary collisions: 928, total collisions: 1034
# of comparisons: 1153, records inserted: 119, load factor: 0.991667

1058    1093    1073    
1074    1069    1024    
1086    1043    1080    
1005    1084    1013    
1098    1083    1032    
1088    1021    1063    
1090    1094    1051    
1066    1029    1091    
1040    1089    1002    
1097    1010    1095    
1096    1037    1101    
1018    1068    1087    
1099    1048    1071    
1026    1104    1045    
1102    1007    1004    
1015    1100    1109    
1034    1085    1023    
1056    1092    1112    
1053    1076    1031    
1110    1042    1107    
1012    1001    1020    
1009    1114    1039    
1082    1028    1017    
1105    1106    1050    
1081    1036    1115    
1047    1113    1025    
1006    1033    1014    
1118    1044    1079    
1041    1022    1064    
1103    1055    1072    
1049    1030    1052    
1117    1046    1003    
1054    1011    1111    
1057    1038    1062    
1019    1061    1108    
1060    1077    1070    
1027    1065    None    
1059    1000    1067    
1008    1116    1078    
1035    1075    1016    

Execution Time: 1.181e-01 seconds
Memory Usage: 2.097e+06 bytes
