original input:
9999, 17918, 25837, 33756, 41675, 
49594, 57513, 65432, 73351, 81270, 
89189, 97108, 105027, 112946, 120865, 
128784, 136703, 144622, 152541, 160460, 
168379, 176298, 184217, 192136, 200055, 
207974, 215893, 223812, 231731, 239650, 
247569, 255488, 263407, 271326, 279245, 
287164, 295083, 303002, 310921, 318840, 
326759, 334678, 342597, 350516, 358435, 
366354, 374273, 382192, 390111, 398030, 
405949, 413868, 421787, 429706, 437625, 
445544, 453463, 461382, 469301, 477220, 
485139, 493058, 500977, 508896, 516815, 
524734, 532653, 540572, 548491, 556410, 
564329, 572248, 580167, 588086, 596005, 
603924, 611843, 619762, 627681, 635600, 
643519, 651438, 659357, 667276, 675195, 
683114, 691033, 698952, 706871, 714790, 
722709, 730628, 738547, 746466, 754385, 
762304, 770223, 778142, 786061, 793980, 
801899, 809818, 817737, 825656, 833575, 
841494, 849413, 857332, 865251, 873170, 
881089, 889008, 896927, 904846, 912765, 
920684, 928603, 936522, 944441

scheme -1 (division) - modulo: 41, bucket size: 3, quadratic
# of primary collisions: 78, secondary collisions: 1184, total collisions: 1262
# of comparisons: 1379, records inserted: 117, load factor: 0.975000

287164  17918   73351   
128784  184217  239650  
295083  25837   81270   
136703  192136  247569  
303002  33756   89189   
144622  200055  255488  
310921  41675   97108   
152541  207974  263407  
318840  49594   105027  
160460  215893  271326  
326759  57513   112946  
168379  223812  279245  
9999    65432   120865  
176298  231731  334678  
342597  366354  374273  
390111  382192  437625  
350516  405949  398030  
453463  493058  445544  
358435  413868  469301  
461382  500977  508896  
564329  421787  477220  
532653  524734  516815  
572248  429706  485139  
540572  596005  588086  
580167  635600  691033  
548491  603924  619762  
651438  643519  611843  
556410  722709  627681  
659357  714790  706871  
675195  698952  754385  
667276  746466  778142  
683114  738547  762304  
817737  730628  786061  
841494  896927  770223  
825656  833575  793980  
849413  904846  809818  
865251  889008  801899  
857332  912765  None    
873170  881089  None    
None    920684  936522  

Execution Time: 1.467e-03 seconds
Memory Usage: 0.000e+00 bytes
