original input:
845212, 518093, 600713, 191164, 572379, 
678065, 509823, 522737, 903975, 310534, 
512807, 526935, 880157, 258443, 37193, 
34440, 315558, 374756, 587160, 174410, 
135713, 414059, 238261, 736003, 635897, 
132819, 837552, 736601, 419094, 760794, 
702798, 339719, 93775, 879499, 692390, 
477501, 551453, 20429, 137573, 83733, 
190986, 592460, 800625, 22093, 128200, 
722594, 71403, 167142, 347807, 422593, 
624109, 646744, 310398, 384479, 433747, 
487696, 539923, 723295, 696759, 534823, 
558229, 453976, 55476, 883328, 439870, 
411140, 87532, 720029, 844983, 651911, 
372709, 573246, 855275, 462522, 252846, 
618104, 217597, 34451, 504031, 522670, 
318806, 167795, 240606, 165679

scheme -1 (division) - modulo: 41, bucket size: 1, quadratic
# of primary collisions: 62, secondary collisions: 531, total collisions: 593
# of comparisons: 677, records inserted: 84, load factor: 0.700000

310534  487696  34440   526935  837552  
135713  37193   678065  414059  903975  
880157  93775   238261  20429   736003  
477501  374756  518093  551453  572379  
512807  137573  600713  258443  191164  
315558  132819  624109  522737  509823  
635897  692390  702798  419094  339719  
83733   736601  174410  845212  760794  
587160  22093   800625  879499  723295  
592460  128200  539923  422593  534823  
190986  55476   722594  696759  453976  
573246  167142  71403   646744  883328  
347807  372709  558229  310398  384479  
522670  217597  651911  411140  165679  
439870  433747  None    87532   34451   
252846  720029  844983  855275  318806  
None    462522  None    None    None    
618104  167795  None    None    None    
504031  None    None    None    None    
None    None    None    240606  None    
None    None    None    None    None    
None    None    None    None    None    
None    None    None    None    None    
None    None    None    None    None    

Execution Time: 1.356e-01 seconds
Memory Usage: 1.049e+06 bytes
