original input:
1, 2, 3, 4, 5, 
6, 7, 8, 9, 10, 
11, 12, 13, 14, 15, 
16, 17, 18, 19, 20, 
21, 22, 23, 24, 25, 
26, 27, 28, 29, 30, 
31, 32, 33, 34, 35, 
36, 37, 38, 39, 40, 
41, 42, 43, 44, 45, 
46, 47, 48, 49, 50, 
51, 52, 53, 54, 55, 
56, 57, 58, 59, 60, 
61, 62, 63, 64, 65, 
66, 67, 68, 69, 70, 
71, 72, 73, 74, 75, 
76, 77, 78, 79, 80, 
81, 82, 83, 84, 85, 
86, 87, 88, 89, 90, 
91, 92, 93, 94, 95, 
96, 97, 98, 99, 100, 
101, 102, 103, 104, 105, 
106, 107, 108, 109, 110, 
1000, 1113, 1500, 1613, 2000, 
2113

scheme -1 (custom) - modulo: N/A, bucket size: 3, quadratic
# of primary collisions: 102, secondary collisions: 845, total collisions: 947
# of comparisons: 1062, records inserted: 115, load factor: 0.958333

8       67      16      
35      44      75      
24      57      100     
1613    68      83      
32      43      84      
105     72      5       
80      13      40      
63      88      21      
70      51      None    
73      96      29      
48      89      110     
93      2       91      
10      37      52      
101     18      71      
56      1113    86      
109     26      45      
94      85      92      
7       104     15      
34      65      64      
23      60      53      
98      99      None    
31      42      107     
82      97      4       
1       12      9       
78      61      20      
17      50      103     
1500    77      28      
39      None    87      
102     25      6       
33      14      69      
58      41      22      
47      90      None    
74      49      30      
2113    76      None    
38      3       46      
11      66      55      
54      19      36      
95      1000    79      
62      27      2000    
81      108     59      

Execution Time: 9.075e-02 seconds
Memory Usage: 2.097e+06 bytes
