original input:
640246, 121228, 44958, 645323, 32652, 
752332, 592322, 527923, 286433, 59402, 
652352, 908172, 136238, 477932, 256672, 
369168, 400525, 83442, 246627, 166433, 
611373, 645027, 166721, 22923, 59904, 
274803, 456778, 87093, 26447, 765741, 
311630, 688035, 315021, 50755, 655481, 
300299, 882600, 551151, 372342, 139441, 
252284, 844996, 802740, 440610, 828065, 
738070, 849030, 855529, 469029, 596291, 
276324, 844434, 538741, 581308, 17006, 
401881, 140212, 106996, 870929, 635342, 
884046, 163589, 378210, 152999, 136774, 
133785, 14536, 891745, 628492, 630331, 
673398, 122293, 505866, 797978, 711766, 
479379, 456189, 89943, 349793, 773374, 
326209, 286668, 490378, 37188, 211269, 
72377, 620122, 835991, 494654, 336780, 
700150, 683693, 310488, 191948, 692894, 
792305, 184359, 853731, 207183, 240323, 
531675, 134181, 181511, 297843, 222673, 
671553, 813416, 409493

scheme -1 (division) - modulo: 113, bucket size: 1, quadratic
# of primary collisions: 53, secondary collisions: 145, total collisions: 198
# of comparisons: 306, records inserted: 108, load factor: 0.900000

None    828065  773374  652352  700150  
26447   855529  372342  152999  None    
456189  37188   211269  671553  59904   
628492  792305  630331  50755   620122  
None    531675  853731  645027  None    
440610  None    122293  835991  813416  
692894  673398  456778  479379  None    
181511  581308  None    870929  276324  
494654  None    336780  611373  136774  
326209  166721  884046  83442   256672  
551151  None    134181  400525  683693  
477932  17006   72377   300299  765741  
349793  246627  635342  849030  401881  
207183  None    738070  252284  222673  
882600  490378  538741  136238  14536   
297843  191948  59402   163589  469029  
891745  655481  184359  87093   505866  
797978  None    240323  310488  592322  
315021  752332  121228  645323  140212  
311630  409493  44958   844434  166433  
527923  640246  286433  22923   908172  
596291  274803  802740  32652   688035  
369168  286668  139441  844996  378210  
None    106996  133785  711766  89943   

Execution Time: 9.687e-02 seconds
Memory Usage: 1.049e+06 bytes
