original input:
640246, 121228, 44958, 645323, 32652, 
752332, 592322, 527923, 286433, 59402, 
652352, 908172, 136238, 477932, 256672, 
369168, 400525, 83442, 246627, 166433, 
611373, 645027, 166721, 22923, 59904, 
274803, 456778, 87093, 26447, 765741, 
311630, 688035, 315021, 50755, 655481, 
300299, 882600, 551151, 372342, 139441, 
252284, 844996, 802740, 440610, 828065, 
738070, 849030, 855529, 469029, 596291, 
276324, 844434, 538741, 581308, 17006, 
401881, 140212, 106996, 870929, 635342, 
884046, 163589, 378210, 152999, 136774, 
133785, 14536, 891745, 628492, 630331, 
673398, 122293, 505866, 797978, 711766, 
479379, 456189, 89943, 349793, 773374, 
326209, 286668, 490378, 37188, 211269, 
72377, 620122, 835991, 494654, 336780, 
700150, 683693, 310488, 191948, 692894, 
792305, 184359, 853731, 207183, 240323, 
531675, 134181, 181511, 297843, 222673, 
671553, 813416, 409493

scheme -1 (division) - modulo: 41, bucket size: 3, quadratic
# of primary collisions: 89, secondary collisions: 878, total collisions: 967
# of comparisons: 1075, records inserted: 108, load factor: 0.900000

139441  652352  26447   
59904   369168  849030  
22923   527923  635342  
286433  83442   87093   
256672  252284  246627  
645027  32652   166433  
166721  870929  688035  
274803  44958   752332  
645323  908172  315021  
765741  611373  655481  
311630  640246  121228  
372342  59402   300299  
592322  400525  136238  
477932  456778  50755   
882600  802740  551151  
469029  401881  844996  
440610  828065  378210  
844434  596291  738070  
136774  276324  17006   
538741  855529  628492  
884046  122293  106996  
140212  163589  133785  
581308  773374  630331  
711766  152999  891745  
89943   37188   490378  
72377   326209  673398  
14536   479379  505866  
835991  700150  191948  
797978  349793  456189  
None    None    813416  
683693  692894  310488  
286668  620122  184359  
336780  None    409493  
297843  211269  792305  
494654  181511  671553  
None    222673  None    
531675  853731  None    
None    240323  None    
207183  None    None    
None    None    134181  

Execution Time: 1.574e-01 seconds
Memory Usage: 2.097e+06 bytes
