original input:
640246, 121228, 44958, 645323, 32652, 
752332, 592322, 527923, 286433, 59402, 
652352, 908172, 136238, 477932, 256672, 
369168, 400525, 83442, 246627, 166433, 
611373, 645027, 166721, 22923, 59904, 
274803, 456778, 87093, 26447, 765741, 
311630, 688035, 315021, 50755, 655481, 
300299, 882600, 551151, 372342, 139441, 
252284, 844996, 802740, 440610, 828065, 
738070, 849030, 855529, 469029, 596291, 
276324, 844434, 538741, 581308, 17006, 
401881, 140212, 106996, 870929, 635342, 
884046, 163589, 378210, 152999, 136774, 
133785, 14536, 891745, 628492, 630331, 
673398, 122293, 505866, 797978, 711766, 
479379, 456189, 89943, 349793, 773374, 
326209, 286668, 490378, 37188, 211269, 
72377, 620122, 835991, 494654, 336780, 
700150, 683693, 310488, 191948, 692894, 
792305, 184359, 853731, 207183, 240323, 
531675, 134181, 181511, 297843, 222673, 
671553, 813416, 409493

scheme -1 (division) - modulo: 41, bucket size: 1, quadratic
# of primary collisions: 86, secondary collisions: 481, total collisions: 567
# of comparisons: 675, records inserted: 108, load factor: 0.900000

139441  652352  26447   59904   369168  
22923   849030  527923  286433  87093   
581308  83442   256672  246627  166433  
645027  32652   628492  688035  166721  
635342  274803  44958   752332  645323  
765741  908172  844996  655481  300299  
611373  640246  121228  551151  59402   
882600  592322  136238  400525  456778  
477932  252284  50755   828065  311630  
440610  276324  844434  315021  596291  
738070  372342  14536   802740  401881  
700150  884046  106996  152999  870929  
469029  163589  17006   855529  72377   
326209  538741  133785  630331  136774  
89943   122293  479379  140212  349793  
456189  891745  286668  378210  673398  
531675  37188   494654  490378  773374  
None    711766  692894  505866  211269  
620122  409493  191948  None    853731  
None    None    835991  683693  297843  
181511  797978  336780  184359  None    
None    207183  222673  None    134181  
671553  None    None    813416  None    
None    310488  792305  240323  None    

Execution Time: 1.314e-03 seconds
Memory Usage: 0.000e+00 bytes
