original input:
755174, 305987, 796405, 56417, 130118, 
173347, 266266, 323659, 771587, 118510, 
896553, 515290, 512386, 361486, 466431, 
744230, 15088, 172921, 695141, 699891, 
795730, 122675, 294193, 590245, 805881, 
299425, 462253, 548095, 813459, 448459, 
884815, 387131, 611358, 86509, 666760, 
587816, 451064, 828347, 439065, 562107, 
190099, 776206, 351294, 276340, 710788, 
34031, 306510, 250159, 88186, 27806, 
27643, 75842, 901067, 630399, 590452, 
854137, 306410, 212866, 779819, 475788, 
236725, 184590, 107440, 721018, 268619, 
87882, 324507, 188037, 355963, 21575, 
503241, 473993, 865047, 410189, 887134, 
76666, 265960, 305569, 295913, 68633, 
351866, 470352, 482565, 649938, 740984, 
343674, 309243, 500694, 763955, 691613, 
401605, 286800, 115387, 855005, 860494, 
657509, 728688, 401518, 52629, 116781, 
515986, 170302, 451248, 763593, 594741, 
879137, 585036, 129696, 303857, 660953, 
830771, 535386, 849109, 497794, 756007, 
692056, 450011, 250488, 648842, 328813

scheme -1 (division) - modulo: 127, bucket size: 3, quadratic
# of primary collisions: 70, secondary collisions: 538, total collisions: 608
# of comparisons: 725, records inserted: 117, load factor: 0.975000

122675  699891  34031   
295913  901067  562107  
884815  107440  170302  
305569  744230  27806   
666760  756007  351294  
236725  212866  451248  
343674  118510  268619  
497794  448459  75842   
813459  355963  439065  
None    86509   56417   
500694  590452  755174  
324507  286800  387131  
657509  401605  450011  
779819  473993  721018  
648842  855005  305987  
887134  361486  594741  
88186   879137  865047  
515290  475788  828347  
849109  68633   763955  
52629   265960  306510  
896553  294193  771587  
323659  854137  184590  
805881  503241  512386  
860494  130118  587816  
695141  470352  266266  
795730  172921  188037  
590245  87882   763593  
649938  351866  535386  
27643   76666   299425  
466431  306410  451064  
548095  728688  482565  
692056  116781  309243  
710788  115387  250159  
303857  462253  None    
15088   129696  630399  
660953  410189  611358  
None    190099  585036  
776206  21575   740984  
515986  796405  691613  
276340  401518  173347  

Execution Time: 1.816e-01 seconds
Memory Usage: 2.097e+06 bytes
