original input:
845212, 518093, 600713, 191164, 572379, 
678065, 509823, 522737, 903975, 310534, 
512807, 526935, 880157, 258443, 37193, 
34440, 315558, 374756, 587160, 174410, 
135713, 414059, 238261, 736003, 635897, 
132819, 837552, 736601, 419094, 760794, 
702798, 339719, 93775, 879499, 692390, 
477501, 551453, 20429, 137573, 83733, 
190986, 592460, 800625, 22093, 128200, 
722594, 71403, 167142, 347807, 422593, 
624109, 646744, 310398, 384479, 433747, 
487696, 539923, 723295, 696759, 534823, 
558229, 453976, 55476, 883328, 439870, 
411140, 87532, 720029, 844983, 651911, 
372709, 573246, 855275, 462522, 252846, 
618104, 217597, 34451, 504031, 522670, 
318806, 167795, 240606, 165679

scheme -1 (division) - modulo: 41, bucket size: 3, quadratic
# of primary collisions: 59, secondary collisions: 323, total collisions: 382
# of comparisons: 466, records inserted: 84, load factor: 0.700000

310534  487696  34440   
526935  837552  135713  
37193   678065  93775   
903975  880157  20429   
238261  879499  414059  
477501  374756  518093  
137573  572379  512807  
736003  600713  692390  
191164  258443  702798  
315558  522737  509823  
635897  83733   800625  
419094  132819  190986  
736601  174410  845212  
760794  587160  422593  
71403   339719  22093   
592460  167142  551453  
128200  384479  855275  
624109  433747  411140  
722594  310398  618104  
55476   347807  696759  
573246  None    539923  
534823  646744  87532   
439870  252846  723295  
None    None    None    
720029  372709  165679  
217597  651911  167795  
453976  558229  None    
None    None    504031  
None    318806  None    
None    34451   883328  
None    844983  522670  
None    None    240606  
None    None    None    
None    None    None    
None    None    None    
462522  None    None    
None    None    None    
None    None    None    
None    None    None    
None    None    None    

Execution Time: 7.569e-02 seconds
Memory Usage: 1.049e+06 bytes
