original input:
1000, 1001, 1002, 1003, 1004, 
1005, 1006, 1007, 1008, 1009, 
1010, 1011, 1012, 1013, 1014, 
1015, 1016, 1017, 1018, 1019, 
1020, 1021, 1022, 1023, 1024, 
1025, 1026, 1027, 1028, 1029, 
1030, 1031, 1032, 1033, 1034, 
1035, 1036, 1037, 1038, 1039, 
1040, 1041, 1042, 1043, 1044, 
1045, 1046, 1047, 1048, 1049, 
1050, 1051, 1052, 1053, 1054, 
1055, 1056, 1057, 1058, 1059, 
1060, 1061, 1062, 1063, 1064, 
1065, 1066, 1067, 1068, 1069, 
1070, 1071, 1072, 1073, 1074, 
1075, 1076, 1077, 1078, 1079, 
1080, 1081, 1082, 1083, 1084, 
1085, 1086, 1087, 1088, 1089, 
1090, 1091, 1092, 1093, 1094, 
1095, 1096, 1097, 1098, 1099, 
1100, 1101, 1102, 1103, 1104, 
1105, 1106, 1107, 1108, 1109, 
1110, 1111, 1112, 1113, 1114, 
1115, 1116, 1117, 1118

scheme -1 (custom) - modulo: N/A, bucket size: 1, quadratic
# of primary collisions: 105, secondary collisions: 1132, total collisions: 1237
# of comparisons: 1356, records inserted: 119, load factor: 0.991667

1032    1106    1100    1083    1040    
1081    1091    1048    1080    1005    
1088    1013    1021    1089    1096    
1029    1056    1037    1111    1105    
1092    1045    1064    1104    1053    
1101    1002    1072    1010    1018    
1086    1109    1026    1061    1034    
1116    1102    1094    1042    1069    
1110    1050    1108    1007    1004    
1015    1023    1097    1114    1031    
1058    1039    1098    1107    1099    
1047    1066    1077    1055    1113    
1012    1001    1020    1009    1017    
1085    1028    1063    1036    1103    
1112    1093    1044    1071    1074    
1052    1118    1025    1006    1033    
1014    1022    1082    1041    1030    
1049    1038    1117    1090    1057    
1060    1079    1065    1115    1046    
1003    1054    1011    1019    1087    
1062    1027    1068    1035    None    
1095    1070    1043    1076    1078    
1051    1059    1000    1067    1008    
1016    1084    1075    1024    1073    

Execution Time: 8.791e-04 seconds
Memory Usage: 0.000e+00 bytes
