original input:
9999, 17918, 25837, 33756, 41675, 
49594, 57513, 65432, 73351, 81270, 
89189, 97108, 105027, 112946, 120865, 
128784, 136703, 144622, 152541, 160460, 
168379, 176298, 184217, 192136, 200055, 
207974, 215893, 223812, 231731, 239650, 
247569, 255488, 263407, 271326, 279245, 
287164, 295083, 303002, 310921, 318840, 
326759, 334678, 342597, 350516, 358435, 
366354, 374273, 382192, 390111, 398030, 
405949, 413868, 421787, 429706, 437625, 
445544, 453463, 461382, 469301, 477220, 
485139, 493058, 500977, 508896, 516815, 
524734, 532653, 540572, 548491, 556410, 
564329, 572248, 580167, 588086, 596005, 
603924, 611843, 619762, 627681, 635600, 
643519, 651438, 659357, 667276, 675195, 
683114, 691033, 698952, 706871, 714790, 
722709, 730628, 738547, 746466, 754385, 
762304, 770223, 778142, 786061, 793980, 
801899, 809818, 817737, 825656, 833575, 
841494, 849413, 857332, 865251, 873170, 
881089, 889008, 896927, 904846, 912765, 
920684, 928603, 936522, 944441

scheme -1 (division) - modulo: 127, bucket size: 1, quadratic
# of primary collisions: 9, secondary collisions: 48, total collisions: 57
# of comparisons: 176, records inserted: 119, load factor: 0.991667

215893  239650  619762  350516  374273  
105027  128784  508896  485139  263407  
596005  17918   398030  730628  152541  
532653  912765  287164  667276  41675   
421787  801899  176298  556410  643519  
310921  691033  65432   445544  825656  
200055  580167  754385  334678  714790  
89189   469301  849413  223812  603924  
778142  358435  738547  112946  493058  
873170  247569  627681  None    382192  
762304  136703  516815  896927  271326  
651438  25837   405949  786061  160460  
540572  920684  295083  675195  49594   
429706  809818  184217  564329  944441  
318840  698952  73351   453463  833575  
207974  588086  865251  342597  722709  
97108   477220  857332  231731  611843  
889008  366354  746466  120865  500977  
881089  255488  635600  9999    390111  
770223  144622  524734  904846  279245  
659357  33756   413868  793980  168379  
548491  928603  303002  683114  57513   
437625  817737  192136  572248  936522  
326759  706871  81270   461382  841494  

Execution Time: 2.762e-01 seconds
Memory Usage: 1.049e+06 bytes
