original input:
755174, 305987, 796405, 56417, 130118, 
173347, 266266, 323659, 771587, 118510, 
896553, 515290, 512386, 361486, 466431, 
744230, 15088, 172921, 695141, 699891, 
795730, 122675, 294193, 590245, 805881, 
299425, 462253, 548095, 813459, 448459, 
884815, 387131, 611358, 86509, 666760, 
587816, 451064, 828347, 439065, 562107, 
190099, 776206, 351294, 276340, 710788, 
34031, 306510, 250159, 88186, 27806, 
27643, 75842, 901067, 630399, 590452, 
854137, 306410, 212866, 779819, 475788, 
236725, 184590, 107440, 721018, 268619, 
87882, 324507, 188037, 355963, 21575, 
503241, 473993, 865047, 410189, 887134, 
76666, 265960, 305569, 295913, 68633, 
351866, 470352, 482565, 649938, 740984, 
343674, 309243, 500694, 763955, 691613, 
401605, 286800, 115387, 855005, 860494, 
657509, 728688, 401518, 52629, 116781, 
515986, 170302, 451248, 763593, 594741, 
879137, 585036, 129696, 303857, 660953, 
830771, 535386, 849109, 497794, 756007, 
692056, 450011, 250488, 648842, 328813

scheme -1 (custom) - modulo: N/A, bucket size: 3, quadratic
# of primary collisions: 56, secondary collisions: 430, total collisions: 486
# of comparisons: 606, records inserted: 120, load factor: 1.000000

15088   562107  587816  
34031   212866  503241  
744230  309243  236725  
410189  265960  854137  
276340  805881  343674  
305987  401605  779819  
512386  884815  88186   
728688  755174  828347  
184590  451248  879137  
328813  450011  172921  
170302  763593  351866  
482565  740984  855005  
849109  68633   692056  
268619  666760  324507  
795730  250488  535386  
896553  306510  448459  
286800  590245  515986  
86509   475788  439065  
361486  813459  594741  
462253  21575   548095  
190099  295913  387131  
323659  585036  771587  
305569  691613  763955  
660953  611358  27643   
27806   497794  266266  
466431  355963  830771  
130118  756007  776206  
648842  75842   250159  
710788  299425  887134  
116781  107440  695141  
76666   401518  303857  
129696  500694  901067  
470352  188037  515290  
657509  306410  473993  
118510  122675  115387  
796405  721018  630399  
87882   294193  860494  
173347  451064  649938  
865047  52629   590452  
56417   351294  699891  

Execution Time: 5.535e-02 seconds
Memory Usage: 1.049e+06 bytes
