original input:
845212, 518093, 600713, 191164, 572379, 
678065, 509823, 522737, 903975, 310534, 
512807, 526935, 880157, 258443, 37193, 
34440, 315558, 374756, 587160, 174410, 
135713, 414059, 238261, 736003, 635897, 
132819, 837552, 736601, 419094, 760794, 
702798, 339719, 93775, 879499, 692390, 
477501, 551453, 20429, 137573, 83733, 
190986, 592460, 800625, 22093, 128200, 
722594, 71403, 167142, 347807, 422593, 
624109, 646744, 310398, 384479, 433747, 
487696, 539923, 723295, 696759, 534823, 
558229, 453976, 55476, 883328, 439870, 
411140, 87532, 720029, 844983, 651911, 
372709, 573246, 855275, 462522, 252846, 
618104, 217597, 34451, 504031, 522670, 
318806, 167795, 240606, 165679

scheme -1 (division) - modulo: 41, bucket size: 3, quadratic
# of primary collisions: 61, secondary collisions: 260, total collisions: 321
# of comparisons: 405, records inserted: 84, load factor: 0.700000

310534  487696  34440   
526935  837552  135713  
37193   678065  93775   
903975  880157  414059  
238261  20429   736003  
477501  374756  518093  
137573  572379  512807  
551453  600713  702798  
191164  692390  258443  
573246  522737  509823  
635897  132819  167142  
315558  339719  419094  
736601  174410  845212  
760794  587160  22093   
422593  624109  879499  
128200  592460  83733   
71403   87532   723295  
347807  696759  539923  
800625  190986  None    
722594  384479  411140  
453976  558229  855275  
55476   310398  618104  
534823  318806  433747  
439870  646744  883328  
None    None    844983  
720029  252846  None    
504031  372709  None    
None    None    167795  
217597  651911  165679  
None    None    None    
None    462522  522670  
None    None    None    
None    None    None    
None    None    34451   
None    None    None    
None    None    None    
240606  None    None    
None    None    None    
None    None    None    
None    None    None    

Execution Time: 8.850e-04 seconds
Memory Usage: 0.000e+00 bytes
