original input:
1000, 1001, 1002, 1003, 1004, 
1005, 1006, 1007, 1008, 1009, 
1010, 1011, 1012, 1013, 1014, 
1015, 1016, 1017, 1018, 1019, 
1020, 1021, 1022, 1023, 1024, 
1025, 1026, 1027, 1028, 1029, 
1030, 1031, 1032, 1033, 1034, 
1035, 1036, 1037, 1038, 1039, 
1040, 1041, 1042, 1043, 1044, 
1045, 1046, 1047, 1048, 1049, 
1050, 1051, 1052, 1053, 1054, 
1055, 1056, 1057, 1058, 1059, 
1060, 1061, 1062, 1063, 1064, 
1065, 1066, 1067, 1068, 1069, 
1070, 1071, 1072, 1073, 1074, 
1075, 1076, 1077, 1078, 1079, 
1080, 1081, 1082, 1083, 1084, 
1085, 1086, 1087, 1088, 1089, 
1090, 1091, 1092, 1093, 1094, 
1095, 1096, 1097, 1098, 1099, 
1100, 1101, 1102, 1103, 1104, 
1105, 1106, 1107, 1108, 1109, 
1110, 1111, 1112, 1113, 1114, 
1115, 1116, 1117, 1118

scheme -1 (division) - modulo: 127, bucket size: 3, quadratic
# of primary collisions: 103, secondary collisions: 181, total collisions: 284
# of comparisons: 403, records inserted: 119, load factor: 0.991667

1009    1010    1011    
1012    1013    1014    
1015    1019    1016    
1017    1018    1023    
1020    1021    1022    
1027    1024    1025    
1026    1031    1028    
1029    1030    1035    
1032    1033    1034    
1039    1036    1037    
1038    1043    1040    
1041    1042    1047    
1044    1045    1046    
1051    1048    1049    
1050    1055    1052    
1053    1054    1059    
1056    1057    1058    
1063    1060    1061    
1062    1067    1064    
1065    1066    1071    
1068    1069    1070    
1075    1072    1073    
1074    1079    1076    
1077    1078    1083    
1080    1081    1082    
1087    1084    1085    
1086    1091    1088    
1089    1090    1095    
1092    1093    1094    
1099    1096    1097    
1098    1103    1100    
1101    1102    1107    
1104    1105    1106    
1111    1108    1109    
1110    1115    1112    
1113    1114    None    
1116    1117    1118    
1000    1001    1002    
1003    1004    1005    
1006    1007    1008    

Execution Time: 1.372e-01 seconds
Memory Usage: 1.049e+06 bytes
