original input:
1, 2, 3, 4, 5, 
6, 7, 8, 9, 10, 
11, 12, 13, 14, 15, 
16, 17, 18, 19, 20, 
21, 22, 23, 24, 25, 
26, 27, 28, 29, 30, 
31, 32, 33, 34, 35, 
36, 37, 38, 39, 40, 
41, 42, 43, 44, 45, 
46, 47, 48, 49, 50, 
51, 52, 53, 54, 55, 
56, 57, 58, 59, 60, 
61, 62, 63, 64, 65, 
66, 67, 68, 69, 70, 
71, 72, 73, 74, 75, 
76, 77, 78, 79, 80, 
81, 82, 83, 84, 85, 
86, 87, 88, 89, 90, 
91, 92, 93, 94, 95, 
96, 97, 98, 99, 100, 
101, 102, 103, 104, 105, 
106, 107, 108, 109, 110, 
1000, 1113, 1500, 1613, 2000, 
2113

scheme -1 (division) - modulo: 41, bucket size: 3, quadratic
# of primary collisions: 75, secondary collisions: 941, total collisions: 1016
# of comparisons: 1132, records inserted: 116, load factor: 0.966667

41      1       2       
3       4       5       
6       7       8       
9       10      11      
12      13      14      
15      16      17      
18      19      20      
21      22      23      
24      25      26      
27      28      29      
30      31      32      
33      34      35      
36      37      38      
39      40      47      
42      43      44      
45      46      53      
48      49      50      
51      52      59      
54      55      56      
57      58      65      
60      61      62      
63      64      71      
66      67      68      
69      70      77      
72      73      74      
75      76      88      
78      79      80      
81      84      85      
86      87      97      
89      90      82      
83      93      94      
95      96      106     
98      99      91      
92      102     103     
104     105     1500    
107     108     100     
101     None    1113    
2113    2000    1613    
None    1000    109     
110     None    None    

Execution Time: 1.203e-01 seconds
Memory Usage: 2.097e+06 bytes
