original input:
1, 2, 3, 4, 5, 
6, 7, 8, 9, 10, 
11, 12, 13, 14, 15, 
16, 17, 18, 19, 20, 
21, 22, 23, 24, 25, 
26, 27, 28, 29, 30, 
31, 32, 33, 34, 35, 
36, 37, 38, 39, 40, 
41, 42, 43, 44, 45, 
46, 47, 48, 49, 50, 
51, 52, 53, 54, 55, 
56, 57, 58, 59, 60, 
61, 62, 63, 64, 65, 
66, 67, 68, 69, 70, 
71, 72, 73, 74, 75, 
76, 77, 78, 79, 80, 
81, 82, 83, 84, 85, 
86, 87, 88, 89, 90, 
91, 92, 93, 94, 95, 
96, 97, 98, 99, 100, 
101, 102, 103, 104, 105, 
106, 107, 108, 109, 110, 
1000, 1113, 1500, 1613, 2000, 
2113

scheme -1 (custom) - modulo: N/A, bucket size: 3, quadratic
# of primary collisions: 107, secondary collisions: 1029, total collisions: 1136
# of comparisons: 1252, records inserted: 116, load factor: 0.966667

8       16      37      
68      41      24      
48      90      108     
46      32      2000    
70      51      79      
97      44      5       
13      42      73      
54      21      45      
95      105     59      
29      None    83      
56      76      102     
49      2       10      
47      78      67      
18      50      77      
110     72      26      
None    88      53      
81      98      57      
7       15      52      
91      64      23      
55      82      None    
84      31      1113    
101     58      86      
103     62      4       
1       9       96      
61      12      17      
87      2113    89      
20      1613    None    
63      99      100     
75      25      6       
14      35      66      
33      22      92      
1500    94      28      
30      1000    60      
104     69      80      
34      3       11      
40      71      36      
19      43      85      
107     38      27      
106     65      109     
74      93      39      

Execution Time: 1.580e-03 seconds
Memory Usage: 0.000e+00 bytes
