original input:
1000, 1001, 1002, 1003, 1004, 
1005, 1006, 1007, 1008, 1009, 
1010, 1011, 1012, 1013, 1014, 
1015, 1016, 1017, 1018, 1019, 
1020, 1021, 1022, 1023, 1024, 
1025, 1026, 1027, 1028, 1029, 
1030, 1031, 1032, 1033, 1034, 
1035, 1036, 1037, 1038, 1039, 
1040, 1041, 1042, 1043, 1044, 
1045, 1046, 1047, 1048, 1049, 
1050, 1051, 1052, 1053, 1054, 
1055, 1056, 1057, 1058, 1059, 
1060, 1061, 1062, 1063, 1064, 
1065, 1066, 1067, 1068, 1069, 
1070, 1071, 1072, 1073, 1074, 
1075, 1076, 1077, 1078, 1079, 
1080, 1081, 1082, 1083, 1084, 
1085, 1086, 1087, 1088, 1089, 
1090, 1091, 1092, 1093, 1094, 
1095, 1096, 1097, 1098, 1099, 
1100, 1101, 1102, 1103, 1104, 
1105, 1106, 1107, 1108, 1109, 
1110, 1111, 1112, 1113, 1114, 
1115, 1116, 1117, 1118

scheme -1 (custom) - modulo: N/A, bucket size: 3, quadratic
# of primary collisions: 106, secondary collisions: 1187, total collisions: 1293
# of comparisons: 1411, records inserted: 118, load factor: 0.983333

1100    1075    1032    
1073    1083    1040    
1104    1078    1080    
1005    1013    1079    
1088    1021    1048    
1029    None    1105    
1081    1037    1056    
1096    1045    1103    
1090    1064    1002    
1010    1084    1101    
1018    1053    1026    
1116    1102    1086    
1034    1061    1072    
1042    1108    1087    
1069    1007    1004    
1089    1109    1015    
1050    1023    1106    
1107    1091    1031    
1058    1077    1039    
1113    1092    1066    
1012    1001    1009    
1085    1020    1017    
1028    1111    1112    
1093    1036    1047    
1074    1044    1110    
1097    1055    1025    
1006    1014    1082    
1033    1022    1041    
1030    1117    1098    
1049    1038    1063    
1057    1115    1094    
1052    1046    1003    
1011    1071    1054    
1019    1060    1027    
1114    1095    1062    
1035    1068    1070    
1043    1099    1065    
1059    1000    1008    
1076    1067    1016    
1051    1024    None    

Execution Time: 1.103e-01 seconds
Memory Usage: 2.097e+06 bytes
