original input:
845212, 518093, 600713, 191164, 572379, 
678065, 509823, 522737, 903975, 310534, 
512807, 526935, 880157, 258443, 37193, 
34440, 315558, 374756, 587160, 174410, 
135713, 414059, 238261, 736003, 635897, 
132819, 837552, 736601, 419094, 760794, 
702798, 339719, 93775, 879499, 692390, 
477501, 551453, 20429, 137573, 83733, 
190986, 592460, 800625, 22093, 128200, 
722594, 71403, 167142, 347807, 422593, 
624109, 646744, 310398, 384479, 433747, 
487696, 539923, 723295, 696759, 534823, 
558229, 453976, 55476, 883328, 439870, 
411140, 87532, 720029, 844983, 651911, 
372709, 573246, 855275, 462522, 252846, 
618104, 217597, 34451, 504031, 522670, 
318806, 167795, 240606, 165679

scheme -1 (division) - modulo: 41, bucket size: 3, quadratic
# of primary collisions: 63, secondary collisions: 481, total collisions: 544
# of comparisons: 628, records inserted: 84, load factor: 0.700000

310534  34440   487696  
526935  135713  414059  
37193   678065  903975  
837552  880157  238261  
736003  93775   551453  
477501  374756  518093  
702798  572379  512807  
258443  600713  191164  
692390  315558  20429   
879499  522737  509823  
83733   635897  190986  
419094  339719  132819  
736601  174410  845212  
760794  587160  71403   
137573  22093   55476   
592460  384479  800625  
624109  128200  167142  
722594  347807  696759  
422593  723295  433747  
310398  646744  539923  
534823  None    558229  
439870  462522  453976  
651911  87532   411140  
720029  855275  167795  
883328  573246  372709  
252846  None    844983  
None    318806  165679  
217597  34451   None    
618104  None    None    
None    None    504031  
None    522670  None    
None    None    None    
None    None    240606  
None    None    None    
None    None    None    
None    None    None    
None    None    None    
None    None    None    
None    None    None    
None    None    None    

Execution Time: 8.660e-02 seconds
Memory Usage: 1.049e+06 bytes
