original input:
755174, 305987, 796405, 56417, 130118, 
173347, 266266, 323659, 771587, 118510, 
896553, 515290, 512386, 361486, 466431, 
744230, 15088, 172921, 695141, 699891, 
795730, 122675, 294193, 590245, 805881, 
299425, 462253, 548095, 813459, 448459, 
884815, 387131, 611358, 86509, 666760, 
587816, 451064, 828347, 439065, 562107, 
190099, 776206, 351294, 276340, 710788, 
34031, 306510, 250159, 88186, 27806, 
27643, 75842, 901067, 630399, 590452, 
854137, 306410, 212866, 779819, 475788, 
236725, 184590, 107440, 721018, 268619, 
87882, 324507, 188037, 355963, 21575, 
503241, 473993, 865047, 410189, 887134, 
76666, 265960, 305569, 295913, 68633, 
351866, 470352, 482565, 649938, 740984, 
343674, 309243, 500694, 763955, 691613, 
401605, 286800, 115387, 855005, 860494, 
657509, 728688, 401518, 52629, 116781, 
515986, 170302, 451248, 763593, 594741, 
879137, 585036, 129696, 303857, 660953, 
830771, 535386, 849109, 497794, 756007, 
692056, 450011, 250488, 648842, 328813

scheme -1 (division) - modulo: 113, bucket size: 1, quadratic
# of primary collisions: 61, secondary collisions: 439, total collisions: 500
# of comparisons: 619, records inserted: 119, load factor: 0.991667

129696  756007  303857  401605  497794  
173347  779819  901067  27806   776206  
515290  896553  744230  355963  188037  
286800  115387  305569  710788  75842   
34031   660953  763593  771587  657509  
884815  849109  323659  611358  590452  
56417   172921  268619  190099  865047  
585036  594741  515986  266266  451248  
None    343674  68633   740984  512386  
548095  590245  562107  88186   855005  
535386  470352  503241  691613  294193  
130118  306510  828347  475788  15088   
666760  184590  439065  648842  86509   
170302  76666   306410  692056  276340  
122675  27643   116781  473993  763955  
448459  265960  649938  695141  295913  
466431  451064  699891  805881  324507  
462253  118510  813459  299425  212866  
351294  728688  250159  887134  796405  
107440  305987  795730  721018  630399  
250488  87882   351866  587816  500694  
236725  387131  21575   755174  482565  
854137  52629   361486  830771  410189  
879137  328813  860494  401518  309243  

Execution Time: 1.232e-03 seconds
Memory Usage: 0.000e+00 bytes
