original input:
640246, 121228, 44958, 645323, 32652, 
752332, 592322, 527923, 286433, 59402, 
652352, 908172, 136238, 477932, 256672, 
369168, 400525, 83442, 246627, 166433, 
611373, 645027, 166721, 22923, 59904, 
274803, 456778, 87093, 26447, 765741, 
311630, 688035, 315021, 50755, 655481, 
300299, 882600, 551151, 372342, 139441, 
252284, 844996, 802740, 440610, 828065, 
738070, 849030, 855529, 469029, 596291, 
276324, 844434, 538741, 581308, 17006, 
401881, 140212, 106996, 870929, 635342, 
884046, 163589, 378210, 152999, 136774, 
133785, 14536, 891745, 628492, 630331, 
673398, 122293, 505866, 797978, 711766, 
479379, 456189, 89943, 349793, 773374, 
326209, 286668, 490378, 37188, 211269, 
72377, 620122, 835991, 494654, 336780, 
700150, 683693, 310488, 191948, 692894, 
792305, 184359, 853731, 207183, 240323, 
531675, 134181, 181511, 297843, 222673, 
671553, 813416, 409493

scheme -1 (division) - modulo: 41, bucket size: 1, quadratic
# of primary collisions: 85, secondary collisions: 499, total collisions: 584
# of comparisons: 692, records inserted: 108, load factor: 0.900000

139441  652352  26447   59904   369168  
22923   802740  527923  286433  87093   
538741  252284  256672  246627  166433  
645027  32652   505866  315021  688035  
166721  274803  44958   752332  645323  
765741  372342  908172  844996  551151  
83442   640246  121228  440610  59402   
311630  592322  136238  400525  456778  
844434  477932  140212  50755   596291  
611373  855529  655481  300299  401881  
882600  152999  828065  469029  630331  
17006   163589  673398  849030  378210  
106996  490378  738070  870929  122293  
14536   581308  700150  276324  891745  
286668  133785  136774  884046  683693  
635342  479379  792305  349793  797978  
211269  72377   326209  191948  531675  
853731  89943   222673  628492  835991  
None    711766  456189  None    620122  
207183  None    None    134181  494654  
None    773374  37188   None    692894  
310488  None    336780  184359  None    
240323  409493  None    None    None    
297843  None    181511  813416  671553  

Execution Time: 1.082e-01 seconds
Memory Usage: 2.097e+06 bytes
