original input:
640246, 121228, 44958, 645323, 32652, 
752332, 592322, 527923, 286433, 59402, 
652352, 908172, 136238, 477932, 256672, 
369168, 400525, 83442, 246627, 166433, 
611373, 645027, 166721, 22923, 59904, 
274803, 456778, 87093, 26447, 765741, 
311630, 688035, 315021, 50755, 655481, 
300299, 882600, 551151, 372342, 139441, 
252284, 844996, 802740, 440610, 828065, 
738070, 849030, 855529, 469029, 596291, 
276324, 844434, 538741, 581308, 17006, 
401881, 140212, 106996, 870929, 635342, 
884046, 163589, 378210, 152999, 136774, 
133785, 14536, 891745, 628492, 630331, 
673398, 122293, 505866, 797978, 711766, 
479379, 456189, 89943, 349793, 773374, 
326209, 286668, 490378, 37188, 211269, 
72377, 620122, 835991, 494654, 336780, 
700150, 683693, 310488, 191948, 692894, 
792305, 184359, 853731, 207183, 240323, 
531675, 134181, 181511, 297843, 222673, 
671553, 813416, 409493

scheme -1 (division) - modulo: 113, bucket size: 1, quadratic
# of primary collisions: 54, secondary collisions: 195, total collisions: 249
# of comparisons: 357, records inserted: 108, load factor: 0.900000

326209  828065  773374  652352  None    
26447   855529  372342  628492  456189  
700150  37188   620122  531675  59904   
409493  184359  630331  50755   692894  
835991  853731  671553  645027  440610  
191948  None    122293  None    134181  
None    673398  456778  479379  181511  
None    581308  None    870929  276324  
336780  None    813416  611373  136774  
None    166721  884046  83442   256672  
551151  683693  None    400525  765741  
477932  17006   635342  300299  349793  
72377   246627  849030  891745  401881  
792305  222673  738070  252284  207183  
882600  538741  14536   136238  490378  
211269  None    59402   163589  469029  
310488  655481  494654  87093   None    
797978  505866  None    240323  592322  
311630  752332  121228  645323  286433  
315021  688035  44958   166433  844434  
527923  640246  22923   274803  908172  
286668  844996  140212  32652   802740  
369168  596291  139441  106996  133785  
378210  711766  297843  152999  89943   

Execution Time: 9.345e-02 seconds
Memory Usage: 1.049e+06 bytes
