original input:
640246, 121228, 44958, 645323, 32652, 
752332, 592322, 527923, 286433, 59402, 
652352, 908172, 136238, 477932, 256672, 
369168, 400525, 83442, 246627, 166433, 
611373, 645027, 166721, 22923, 59904, 
274803, 456778, 87093, 26447, 765741, 
311630, 688035, 315021, 50755, 655481, 
300299, 882600, 551151, 372342, 139441, 
252284, 844996, 802740, 440610, 828065, 
738070, 849030, 855529, 469029, 596291, 
276324, 844434, 538741, 581308, 17006, 
401881, 140212, 106996, 870929, 635342, 
884046, 163589, 378210, 152999, 136774, 
133785, 14536, 891745, 628492, 630331, 
673398, 122293, 505866, 797978, 711766, 
479379, 456189, 89943, 349793, 773374, 
326209, 286668, 490378, 37188, 211269, 
72377, 620122, 835991, 494654, 336780, 
700150, 683693, 310488, 191948, 692894, 
792305, 184359, 853731, 207183, 240323, 
531675, 134181, 181511, 297843, 222673, 
671553, 813416, 409493

scheme -1 (division) - modulo: 113, bucket size: 1, quadratic
# of primary collisions: 54, secondary collisions: 136, total collisions: 190
# of comparisons: 298, records inserted: 108, load factor: 0.900000

None    828065  133785  652352  326209  
26447   855529  372342  456189  None    
531675  773374  628492  None    59904   
711766  37188   630331  50755   207183  
671553  853731  835991  645027  440610  
700150  None    122293  None    None    
None    673398  456778  479379  692894  
None    581308  297843  870929  276324  
620122  336780  181511  611373  136774  
None    166721  884046  83442   256672  
551151  134181  683693  400525  765741  
477932  17006   635342  300299  349793  
None    246627  849030  891745  222673  
184359  72377   738070  252284  401881  
882600  538741  14536   136238  191948  
813416  490378  59402   163589  469029  
None    655481  310488  87093   None    
797978  494654  505866  211269  592322  
311630  752332  121228  645323  240323  
315021  286433  44958   166433  844434  
527923  640246  22923   596291  908172  
274803  802740  688035  32652   89943   
369168  844996  139441  378210  106996  
140212  286668  409493  792305  152999  

Execution Time: 8.405e-02 seconds
Memory Usage: 1.049e+06 bytes
