original input:
755174, 305987, 796405, 56417, 130118, 
173347, 266266, 323659, 771587, 118510, 
896553, 515290, 512386, 361486, 466431, 
744230, 15088, 172921, 695141, 699891, 
795730, 122675, 294193, 590245, 805881, 
299425, 462253, 548095, 813459, 448459, 
884815, 387131, 611358, 86509, 666760, 
587816, 451064, 828347, 439065, 562107, 
190099, 776206, 351294, 276340, 710788, 
34031, 306510, 250159, 88186, 27806, 
27643, 75842, 901067, 630399, 590452, 
854137, 306410, 212866, 779819, 475788, 
236725, 184590, 107440, 721018, 268619, 
87882, 324507, 188037, 355963, 21575, 
503241, 473993, 865047, 410189, 887134, 
76666, 265960, 305569, 295913, 68633, 
351866, 470352, 482565, 649938, 740984, 
343674, 309243, 500694, 763955, 691613, 
401605, 286800, 115387, 855005, 860494, 
657509, 728688, 401518, 52629, 116781, 
515986, 170302, 451248, 763593, 594741, 
879137, 585036, 129696, 303857, 660953, 
830771, 535386, 849109, 497794, 756007, 
692056, 450011, 250488, 648842, 328813

scheme -1 (division) - modulo: 41, bucket size: 3, quadratic
# of primary collisions: 97, secondary collisions: 993, total collisions: 1090
# of comparisons: 1208, records inserted: 118, load factor: 0.983333

15088   56417   515290  
795730  305987  323659  
896553  122675  771587  
512386  590245  548095  
266266  387131  351294  
466431  299425  27643   
294193  462253  118510  
796405  699891  813459  
172921  130118  805881  
695141  611358  27806   
361486  448459  666760  
710788  75842   884815  
755174  451064  828347  
744230  173347  86509   
562107  776206  587816  
439065  854137  306410  
250159  306510  88186   
590452  276340  190099  
630399  410189  212866  
887134  268619  87882   
184590  779819  901067  
721018  475788  470352  
34031   76666   295913  
865047  68633   649938  
236725  324507  21575   
401605  188037  305569  
115387  860494  879137  
355963  500694  250488  
351866  107440  265960  
503241  482565  763593  
691613  52629   343674  
116781  170302  None    
756007  740984  473993  
830771  594741  309243  
303857  585036  535386  
849109  728688  451248  
450011  129696  401518  
None    855005  657509  
328813  515986  763955  
660953  497794  286800  

Execution Time: 1.106e-03 seconds
Memory Usage: 0.000e+00 bytes
