original input:
845212, 518093, 600713, 191164, 572379, 
678065, 509823, 522737, 903975, 310534, 
512807, 526935, 880157, 258443, 37193, 
34440, 315558, 374756, 587160, 174410, 
135713, 414059, 238261, 736003, 635897, 
132819, 837552, 736601, 419094, 760794, 
702798, 339719, 93775, 879499, 692390, 
477501, 551453, 20429, 137573, 83733, 
190986, 592460, 800625, 22093, 128200, 
722594, 71403, 167142, 347807, 422593, 
624109, 646744, 310398, 384479, 433747, 
487696, 539923, 723295, 696759, 534823, 
558229, 453976, 55476, 883328, 439870, 
411140, 87532, 720029, 844983, 651911, 
372709, 573246, 855275, 462522, 252846, 
618104, 217597, 34451, 504031, 522670, 
318806, 167795, 240606, 165679

scheme -1 (division) - modulo: 127, bucket size: 1, linear
# of primary collisions: 35, secondary collisions: 57, total collisions: 92
# of comparisons: 176, records inserted: 84, load factor: 0.700000

None    736601  419094  600713  339719  
522737  258443  592460  635897  238261  
22093   167142  678065  526935  310398  
618104  487696  800625  None    310534  
551453  651911  None    34440   879499  
None    534823  845212  167795  191164  
71403   624109  137573  723295  87532   
34451   318806  696759  736003  587160  
174410  414059  83733   433747  883328  
509823  539923  880157  411140  93775   
384479  217597  844983  None    None    
None    None    128200  855275  None    
518093  646744  None    None    760794  
422593  558229  720029  522670  439870  
240606  165679  None    None    None    
None    None    135713  453976  None    
None    347807  None    None    None    
None    None    None    None    None    
315558  722594  372709  None    None    
573246  504031  None    None    None    
None    None    None    None    132819  
190986  374756  702798  512807  37193   
477501  20429   55476   692390  837552  
462522  903975  572379  252846  None    

Execution Time: 4.889e-02 seconds
Memory Usage: 0.000e+00 bytes
