original input:
755174, 305987, 796405, 56417, 130118, 
173347, 266266, 323659, 771587, 118510, 
896553, 515290, 512386, 361486, 466431, 
744230, 15088, 172921, 695141, 699891, 
795730, 122675, 294193, 590245, 805881, 
299425, 462253, 548095, 813459, 448459, 
884815, 387131, 611358, 86509, 666760, 
587816, 451064, 828347, 439065, 562107, 
190099, 776206, 351294, 276340, 710788, 
34031, 306510, 250159, 88186, 27806, 
27643, 75842, 901067, 630399, 590452, 
854137, 306410, 212866, 779819, 475788, 
236725, 184590, 107440, 721018, 268619, 
87882, 324507, 188037, 355963, 21575, 
503241, 473993, 865047, 410189, 887134, 
76666, 265960, 305569, 295913, 68633, 
351866, 470352, 482565, 649938, 740984, 
343674, 309243, 500694, 763955, 691613, 
401605, 286800, 115387, 855005, 860494, 
657509, 728688, 401518, 52629, 116781, 
515986, 170302, 451248, 763593, 594741, 
879137, 585036, 129696, 303857, 660953, 
830771, 535386, 849109, 497794, 756007, 
692056, 450011, 250488, 648842, 328813

scheme -1 (division) - modulo: 127, bucket size: 1, quadratic
# of primary collisions: 65, secondary collisions: 423, total collisions: 488
# of comparisons: 607, records inserted: 119, load factor: 0.991667

122675  699891  34031   901067  27806   
562107  884815  305569  236725  107440  
744230  666760  351294  87882   212866  
268619  343674  295913  451248  118510  
500694  594741  448459  86509   813459  
497794  439065  75842   648842  56417   
590452  401605  755174  473993  286800  
387131  324507  129696  657509  779819  
721018  855005  170302  887134  305987  
361486  475788  879137  88186   660953  
865047  515290  265960  828347  68633   
52629   250488  309243  763955  306510  
896553  294193  771587  323659  587816  
830771  805881  184590  512386  860494  
130118  695141  470352  763593  266266  
172921  795730  590245  188037  649938  
351866  503241  116781  854137  27643   
76666   299425  466431  451064  728688  
548095  450011  482565  535386  306410  
585036  710788  250159  630399  691613  
462253  115387  15088   303857  756007  
None    410189  611358  190099  776206  
355963  401518  21575   515986  849109  
796405  276340  692056  740984  173347  

Execution Time: 9.927e-04 seconds
Memory Usage: 0.000e+00 bytes
