original input:
1, 2, 3, 4, 5, 
6, 7, 8, 9, 10, 
11, 12, 13, 14, 15, 
16, 17, 18, 19, 20, 
21, 22, 23, 24, 25, 
26, 27, 28, 29, 30, 
31, 32, 33, 34, 35, 
36, 37, 38, 39, 40, 
41, 42, 43, 44, 45, 
46, 47, 48, 49, 50, 
51, 52, 53, 54, 55, 
56, 57, 58, 59, 60, 
61, 62, 63, 64, 65, 
66, 67, 68, 69, 70, 
71, 72, 73, 74, 75, 
76, 77, 78, 79, 80, 
81, 82, 83, 84, 85, 
86, 87, 88, 89, 90, 
91, 92, 93, 94, 95, 
96, 97, 98, 99, 100, 
101, 102, 103, 104, 105, 
106, 107, 108, 109, 110, 
1000, 1113, 1500, 1613, 2000, 
2113

scheme -1 (custom) - modulo: N/A, bucket size: 3, quadratic
# of primary collisions: 103, secondary collisions: 859, total collisions: 962
# of comparisons: 1078, records inserted: 116, load factor: 0.966667

8       16      68      
67      24      51      
32      1613    100     
75      40      73      
83      48      104     
78      72      5       
13      81      80      
21      56      29      
2000    105     76      
37      64      88      
45      103     90      
93      2       10      
84      101     18      
53      26      None    
102     86      34      
61      109     42      
108     87      69      
7       15      89      
None    23      50      
31      106     107     
91      39      58      
77      47      None    
92      66      4       
1       9       85      
12      17      20      
2113    1500    96      
28      55      74      
36      110     97      
63      25      6       
14      82      33      
22      41      30      
None    98      49      
44      71      57      
1113    94      52      
38      3       11      
79      46      19      
54      27      1000    
95      62      35      
60      70      43      
99      65      59      

Execution Time: 7.526e-04 seconds
Memory Usage: 0.000e+00 bytes
