original input:
640246, 121228, 44958, 645323, 32652, 
752332, 592322, 527923, 286433, 59402, 
652352, 908172, 136238, 477932, 256672, 
369168, 400525, 83442, 246627, 166433, 
611373, 645027, 166721, 22923, 59904, 
274803, 456778, 87093, 26447, 765741, 
311630, 688035, 315021, 50755, 655481, 
300299, 882600, 551151, 372342, 139441, 
252284, 844996, 802740, 440610, 828065, 
738070, 849030, 855529, 469029, 596291, 
276324, 844434, 538741, 581308, 17006, 
401881, 140212, 106996, 870929, 635342, 
884046, 163589, 378210, 152999, 136774, 
133785, 14536, 891745, 628492, 630331, 
673398, 122293, 505866, 797978, 711766, 
479379, 456189, 89943, 349793, 773374, 
326209, 286668, 490378, 37188, 211269, 
72377, 620122, 835991, 494654, 336780, 
700150, 683693, 310488, 191948, 692894, 
792305, 184359, 853731, 207183, 240323, 
531675, 134181, 181511, 297843, 222673, 
671553, 813416, 409493

scheme -1 (custom) - modulo: N/A, bucket size: 3, quadratic
# of primary collisions: 48, secondary collisions: 77, total collisions: 125
# of comparisons: 233, records inserted: 108, load factor: 0.900000

222673  611373  191948  
163589  908172  None    
802740  274803  None    
87093   None    683693  
121228  None    50755   
None    773374  400525  
505866  276324  479379  
139441  311630  645323  
673398  22923   None    
635342  752332  166433  
136238  527923  None    
None    37188   551151  
855529  671553  738070  
630331  692894  765741  
797978  628492  844996  
655481  640246  620122  
256672  211269  592322  
152999  477932  849030  
44958   310488  14536   
336780  59402   581308  
440610  166721  409493  
870929  None    538741  
456778  494654  844434  
792305  372342  378210  
59904   700150  349793  
184359  297843  17006   
813416  326209  None    
315021  None    240323  
140212  286433  286668  
596291  882600  469029  
83442   122293  490378  
828065  136774  300299  
711766  853731  None    
835991  32652   133785  
252284  891745  652352  
456189  207183  89943   
106996  401881  884046  
246627  369168  645027  
134181  26447   72377   
181511  688035  531675  

Execution Time: 8.359e-04 seconds
Memory Usage: 0.000e+00 bytes
