original input:
755174, 305987, 796405, 56417, 130118, 
173347, 266266, 323659, 771587, 118510, 
896553, 515290, 512386, 361486, 466431, 
744230, 15088, 172921, 695141, 699891, 
795730, 122675, 294193, 590245, 805881, 
299425, 462253, 548095, 813459, 448459, 
884815, 387131, 611358, 86509, 666760, 
587816, 451064, 828347, 439065, 562107, 
190099, 776206, 351294, 276340, 710788, 
34031, 306510, 250159, 88186, 27806, 
27643, 75842, 901067, 630399, 590452, 
854137, 306410, 212866, 779819, 475788, 
236725, 184590, 107440, 721018, 268619, 
87882, 324507, 188037, 355963, 21575, 
503241, 473993, 865047, 410189, 887134, 
76666, 265960, 305569, 295913, 68633, 
351866, 470352, 482565, 649938, 740984, 
343674, 309243, 500694, 763955, 691613, 
401605, 286800, 115387, 855005, 860494, 
657509, 728688, 401518, 52629, 116781, 
515986, 170302, 451248, 763593, 594741, 
879137, 585036, 129696, 303857, 660953, 
830771, 535386, 849109, 497794, 756007, 
692056, 450011, 250488, 648842, 328813

scheme -1 (custom) - modulo: N/A, bucket size: 1, quadratic
# of primary collisions: 57, secondary collisions: 788, total collisions: 845
# of comparisons: 960, records inserted: 115, load factor: 0.958333

15088   587816  212866  562107  34031   
236725  744230  309243  265960  503241  
410189  351866  276340  805881  115387  
305987  779819  649938  512386  884815  
451248  401605  755174  828347  52629   
88186   184590  535386  286800  172921  
879137  None    740984  482565  855005  
515986  692056  68633   170302  268619  
666760  303857  795730  324507  None    
896553  306510  448459  190099  590245  
86509   21575   475788  439065  361486  
813459  387131  462253  76666   548095  
305569  295913  343674  323659  771587  
691613  116781  355963  756007  594741  
611358  27806   27643   763593  266266  
466431  660953  657509  130118  776206  
450011  250488  75842   250159  710788  
299425  887134  None    107440  695141  
401518  648842  None    None    500694  
901067  470352  188037  515290  306410  
728688  473993  118510  122675  763955  
796405  721018  630399  865047  294193  
854137  173347  451064  87882   860494  
585036  590452  56417   351294  699891  

Execution Time: 8.093e-02 seconds
Memory Usage: 2.097e+06 bytes
