original input:
1, 2, 3, 4, 5, 
6, 7, 8, 9, 10, 
11, 12, 13, 14, 15, 
16, 17, 18, 19, 20, 
21, 22, 23, 24, 25, 
26, 27, 28, 29, 30, 
31, 32, 33, 34, 35, 
36, 37, 38, 39, 40, 
41, 42, 43, 44, 45, 
46, 47, 48, 49, 50, 
51, 52, 53, 54, 55, 
56, 57, 58, 59, 60, 
61, 62, 63, 64, 65, 
66, 67, 68, 69, 70, 
71, 72, 73, 74, 75, 
76, 77, 78, 79, 80, 
81, 82, 83, 84, 85, 
86, 87, 88, 89, 90, 
91, 92, 93, 94, 95, 
96, 97, 98, 99, 100, 
101, 102, 103, 104, 105, 
106, 107, 108, 109, 110, 
1000, 1113, 1500, 1613, 2000, 
2113

scheme -1 (custom) - modulo: N/A, bucket size: 3, quadratic
# of primary collisions: 105, secondary collisions: 878, total collisions: 983
# of comparisons: 1099, records inserted: 116, load factor: 0.966667

8       67      16      
43      66      24      
104     1113    63      
32      51      107     
1000    44      40      
96      69      5       
72      13      48      
71      21      109     
90      52      29      
56      2000    110     
65      37      77      
74      2       64      
10      45      60      
18      None    95      
73      26      53      
None    98      62      
34      82      79      
7       61      15      
42      81      23      
1613    100     70      
31      50      None    
103     75      39      
87      68      4       
1       12      9       
78      20      17      
97      83      28      
47      106     108     
80      36      76      
89      25      6       
33      14      91      
41      22      94      
88      49      30      
2113    105     93      
57      84      86      
38      3       46      
11      85      54      
19      99      101     
58      27      1500    
102     None    55      
35      92      59      

Execution Time: 1.032e-03 seconds
Memory Usage: 0.000e+00 bytes
