original input:
640246, 121228, 44958, 645323, 32652, 
752332, 592322, 527923, 286433, 59402, 
652352, 908172, 136238, 477932, 256672, 
369168, 400525, 83442, 246627, 166433, 
611373, 645027, 166721, 22923, 59904, 
274803, 456778, 87093, 26447, 765741, 
311630, 688035, 315021, 50755, 655481, 
300299, 882600, 551151, 372342, 139441, 
252284, 844996, 802740, 440610, 828065, 
738070, 849030, 855529, 469029, 596291, 
276324, 844434, 538741, 581308, 17006, 
401881, 140212, 106996, 870929, 635342, 
884046, 163589, 378210, 152999, 136774, 
133785, 14536, 891745, 628492, 630331, 
673398, 122293, 505866, 797978, 711766, 
479379, 456189, 89943, 349793, 773374, 
326209, 286668, 490378, 37188, 211269, 
72377, 620122, 835991, 494654, 336780, 
700150, 683693, 310488, 191948, 692894, 
792305, 184359, 853731, 207183, 240323, 
531675, 134181, 181511, 297843, 222673, 
671553, 813416, 409493

scheme -1 (custom) - modulo: N/A, bucket size: 1, quadratic
# of primary collisions: 48, secondary collisions: 93, total collisions: 141
# of comparisons: 249, records inserted: 108, load factor: 0.900000

181511  611373  163589  286668  908172  
802740  207183  274803  50755   87093   
683693  None    121228  276324  773374  
700150  None    400525  688035  505866  
None    139441  311630  645323  22923   
479379  711766  673398  752332  166433  
136238  527923  494654  None    855529  
551151  628492  671553  738070  630331  
None    765741  797978  692894  844996  
655481  640246  849030  256672  211269  
592322  152999  477932  581308  44958   
409493  14536   813416  59402   440610  
None    166721  870929  378210  37188   
538741  456778  844434  297843  792305  
372342  17006   59904   620122  None    
310488  184359  326209  None    349793  
None    315021  None    336780  140212  
286433  None    596291  882600  469029  
83442   490378  240323  828065  136774  
300299  853731  531675  134181  122293  
32652   252284  635342  None    652352  
456189  133785  89943   106996  401881  
884046  246627  369168  222673  72377   
26447   645027  835991  191948  891745  

Execution Time: 5.695e-02 seconds
Memory Usage: 1.049e+06 bytes
