original input:
755174, 305987, 796405, 56417, 130118, 
173347, 266266, 323659, 771587, 118510, 
896553, 515290, 512386, 361486, 466431, 
744230, 15088, 172921, 695141, 699891, 
795730, 122675, 294193, 590245, 805881, 
299425, 462253, 548095, 813459, 448459, 
884815, 387131, 611358, 86509, 666760, 
587816, 451064, 828347, 439065, 562107, 
190099, 776206, 351294, 276340, 710788, 
34031, 306510, 250159, 88186, 27806, 
27643, 75842, 901067, 630399, 590452, 
854137, 306410, 212866, 779819, 475788, 
236725, 184590, 107440, 721018, 268619, 
87882, 324507, 188037, 355963, 21575, 
503241, 473993, 865047, 410189, 887134, 
76666, 265960, 305569, 295913, 68633, 
351866, 470352, 482565, 649938, 740984, 
343674, 309243, 500694, 763955, 691613, 
401605, 286800, 115387, 855005, 860494, 
657509, 728688, 401518, 52629, 116781, 
515986, 170302, 451248, 763593, 594741, 
879137, 585036, 129696, 303857, 660953, 
830771, 535386, 849109, 497794, 756007, 
692056, 450011, 250488, 648842, 328813

scheme -1 (division) - modulo: 41, bucket size: 1, quadratic
# of primary collisions: 97, secondary collisions: 970, total collisions: 1067
# of comparisons: 1186, records inserted: 119, load factor: 0.991667

15088   56417   515290  795730  305987  
323659  896553  299425  771587  512386  
590245  351294  266266  710788  387131  
466431  548095  448459  294193  122675  
118510  796405  699891  611358  172921  
130118  805881  695141  462253  828347  
361486  27806   451064  276340  666760  
813459  755174  439065  562107  744230  
173347  86509   27643   901067  884815  
587816  190099  630399  854137  75842   
306410  776206  88186   107440  590452  
236725  779819  34031   306510  295913  
887134  250159  87882   503241  184590  
21575   721018  475788  212866  470352  
355963  268619  865047  68633   286800  
649938  324507  265960  763593  482565  
188037  410189  115387  860494  879137  
170302  515986  500694  740984  473993  
309243  303857  728688  76666   691613  
401605  660953  343674  116781  594741  
648842  855005  657509  763955  250488  
351866  305569  450011  585036  535386  
692056  52629   None    849109  129696  
451248  497794  830771  401518  756007  

Execution Time: 1.193e-01 seconds
Memory Usage: 2.097e+06 bytes
