original input:
845212, 518093, 600713, 191164, 572379, 
678065, 509823, 522737, 903975, 310534, 
512807, 526935, 880157, 258443, 37193, 
34440, 315558, 374756, 587160, 174410, 
135713, 414059, 238261, 736003, 635897, 
132819, 837552, 736601, 419094, 760794, 
702798, 339719, 93775, 879499, 692390, 
477501, 551453, 20429, 137573, 83733, 
190986, 592460, 800625, 22093, 128200, 
722594, 71403, 167142, 347807, 422593, 
624109, 646744, 310398, 384479, 433747, 
487696, 539923, 723295, 696759, 534823, 
558229, 453976, 55476, 883328, 439870, 
411140, 87532, 720029, 844983, 651911, 
372709, 573246, 855275, 462522, 252846, 
618104, 217597, 34451, 504031, 522670, 
318806, 167795, 240606, 165679

scheme -1 (division) - modulo: 41, bucket size: 3, quadratic
# of primary collisions: 64, secondary collisions: 290, total collisions: 354
# of comparisons: 438, records inserted: 84, load factor: 0.700000

310534  34440   487696  
526935  135713  414059  
37193   678065  903975  
837552  880157  238261  
736003  93775   723295  
477501  374756  518093  
702798  572379  512807  
258443  600713  191164  
879499  132819  551453  
315558  522737  509823  
624109  190986  692390  
635897  419094  339719  
736601  174410  845212  
760794  587160  137573  
167142  592460  20429   
71403   55476   347807  
696759  422593  128200  
800625  534823  722594  
83733   384479  411140  
558229  22093   None    
None    310398  372709  
252846  433747  439870  
646744  453976  539923  
None    844983  87532   
618104  None    504031  
None    None    None    
None    217597  883328  
573246  165679  None    
720029  None    462522  
522670  None    None    
None    None    167795  
None    None    None    
651911  None    None    
None    855275  None    
None    240606  None    
None    None    None    
None    None    None    
None    34451   None    
None    None    318806  
None    None    None    

Execution Time: 1.498e-01 seconds
Memory Usage: 1.049e+06 bytes
