original input:
640246, 121228, 44958, 645323, 32652, 
752332, 592322, 527923, 286433, 59402, 
652352, 908172, 136238, 477932, 256672, 
369168, 400525, 83442, 246627, 166433, 
611373, 645027, 166721, 22923, 59904, 
274803, 456778, 87093, 26447, 765741, 
311630, 688035, 315021, 50755, 655481, 
300299, 882600, 551151, 372342, 139441, 
252284, 844996, 802740, 440610, 828065, 
738070, 849030, 855529, 469029, 596291, 
276324, 844434, 538741, 581308, 17006, 
401881, 140212, 106996, 870929, 635342, 
884046, 163589, 378210, 152999, 136774, 
133785, 14536, 891745, 628492, 630331, 
673398, 122293, 505866, 797978, 711766, 
479379, 456189, 89943, 349793, 773374, 
326209, 286668, 490378, 37188, 211269, 
72377, 620122, 835991, 494654, 336780, 
700150, 683693, 310488, 191948, 692894, 
792305, 184359, 853731, 207183, 240323, 
531675, 134181, 181511, 297843, 222673, 
671553, 813416, 409493

scheme -1 (division) - modulo: 41, bucket size: 1, quadratic
# of primary collisions: 87, secondary collisions: 779, total collisions: 866
# of comparisons: 974, records inserted: 108, load factor: 0.900000

139441  652352  26447   59904   369168  
22923   802740  527923  286433  87093   
83442   252284  256672  246627  166433  
645027  32652   688035  166721  315021  
300299  274803  44958   752332  645323  
908172  765741  611373  844996  655481  
311630  640246  121228  469029  59402   
882600  592322  136238  400525  477932  
551151  456778  855529  50755   828065  
372342  106996  596291  440610  276324  
849030  581308  140212  738070  844434  
401881  538741  152999  136774  884046  
891745  17006   870929  14536   163589  
133785  628492  378210  326209  635342  
479379  505866  122293  630331  297843  
72377   692894  673398  456189  620122  
773374  490378  700150  531675  797978  
89943   711766  None    813416  683693  
37188   310488  286668  349793  184359  
336780  792305  409493  191948  207183  
211269  494654  240323  181511  None    
None    None    None    None    853731  
835991  222673  None    671553  None    
None    None    None    134181  None    

Execution Time: 1.086e-03 seconds
Memory Usage: 0.000e+00 bytes
