original input:
9999, 17918, 25837, 33756, 41675, 
49594, 57513, 65432, 73351, 81270, 
89189, 97108, 105027, 112946, 120865, 
128784, 136703, 144622, 152541, 160460, 
168379, 176298, 184217, 192136, 200055, 
207974, 215893, 223812, 231731, 239650, 
247569, 255488, 263407, 271326, 279245, 
287164, 295083, 303002, 310921, 318840, 
326759, 334678, 342597, 350516, 358435, 
366354, 374273, 382192, 390111, 398030, 
405949, 413868, 421787, 429706, 437625, 
445544, 453463, 461382, 469301, 477220, 
485139, 493058, 500977, 508896, 516815, 
524734, 532653, 540572, 548491, 556410, 
564329, 572248, 580167, 588086, 596005, 
603924, 611843, 619762, 627681, 635600, 
643519, 651438, 659357, 667276, 675195, 
683114, 691033, 698952, 706871, 714790, 
722709, 730628, 738547, 746466, 754385, 
762304, 770223, 778142, 786061, 793980, 
801899, 809818, 817737, 825656, 833575, 
841494, 849413, 857332, 865251, 873170, 
881089, 889008, 896927, 904846, 912765, 
920684, 928603, 936522, 944441

scheme -1 (division) - modulo: 113, bucket size: 3, quadratic
# of primary collisions: 6, secondary collisions: 275, total collisions: 281
# of comparisons: 398, records inserted: 117, load factor: 0.975000

160460  857332  659357  
461382  263407  65432   
762304  564329  366354  
168379  865251  667276  
469301  271326  73351   
770223  572248  374273  
176298  873170  675195  
477220  279245  81270   
778142  580167  382192  
184217  881089  683114  
485139  287164  89189   
786061  588086  390111  
192136  889008  691033  
493058  295083  97108   
793980  596005  398030  
200055  896927  698952  
500977  303002  105027  
801899  603924  405949  
207974  9999    706871  
508896  310921  112946  
809818  611843  413868  
215893  17918   714790  
516815  318840  120865  
817737  619762  421787  
223812  25837   722709  
524734  326759  128784  
825656  627681  429706  
231731  33756   730628  
532653  334678  136703  
833575  635600  437625  
239650  41675   738547  
540572  342597  144622  
841494  643519  445544  
247569  49594   746466  
548491  350516  152541  
849413  651438  453463  
255488  57513   754385  
556410  358435  912765  
920684  904846  None    
944441  None    None    

Execution Time: 1.109e-01 seconds
Memory Usage: 1.049e+06 bytes
