original input:
845212, 518093, 600713, 191164, 572379, 
678065, 509823, 522737, 903975, 310534, 
512807, 526935, 880157, 258443, 37193, 
34440, 315558, 374756, 587160, 174410, 
135713, 414059, 238261, 736003, 635897, 
132819, 837552, 736601, 419094, 760794, 
702798, 339719, 93775, 879499, 692390, 
477501, 551453, 20429, 137573, 83733, 
190986, 592460, 800625, 22093, 128200, 
722594, 71403, 167142, 347807, 422593, 
624109, 646744, 310398, 384479, 433747, 
487696, 539923, 723295, 696759, 534823, 
558229, 453976, 55476, 883328, 439870, 
411140, 87532, 720029, 844983, 651911, 
372709, 573246, 855275, 462522, 252846, 
618104, 217597, 34451, 504031, 522670, 
318806, 167795, 240606, 165679

scheme -1 (division) - modulo: 113, bucket size: 1, quadratic
# of primary collisions: 33, secondary collisions: 60, total collisions: 93
# of comparisons: 177, records inserted: 84, load factor: 0.700000

880157  592460  135713  83733   696759  
600713  None    883328  None    539923  
310534  558229  258443  512807  587160  
551453  526935  167142  37193   190986  
879499  462522  800625  165679  None    
624109  651911  414059  None    240606  
None    None    None    318806  572379  
372709  736003  None    None    692390  
None    339719  None    None    132819  
646744  635897  522670  374756  411140  
None    174410  137573  702798  504031  
384479  433747  238261  22093   None    
128200  453976  315558  None    None    
678065  None    736601  252846  None    
87532   None    722594  None    439870  
217597  477501  None    760794  None    
509823  191164  844983  None    None    
845212  422593  None    903975  20429   
34440   855275  419094  None    None    
723295  None    None    93775   34451   
71403   518093  310398  487696  None    
167795  347807  534823  55476   837552  
573246  None    522737  618104  720029  
None    None    None    None    None    

Execution Time: 3.039e-04 seconds
Memory Usage: 0.000e+00 bytes
