original input:
755174, 305987, 796405, 56417, 130118, 
173347, 266266, 323659, 771587, 118510, 
896553, 515290, 512386, 361486, 466431, 
744230, 15088, 172921, 695141, 699891, 
795730, 122675, 294193, 590245, 805881, 
299425, 462253, 548095, 813459, 448459, 
884815, 387131, 611358, 86509, 666760, 
587816, 451064, 828347, 439065, 562107, 
190099, 776206, 351294, 276340, 710788, 
34031, 306510, 250159, 88186, 27806, 
27643, 75842, 901067, 630399, 590452, 
854137, 306410, 212866, 779819, 475788, 
236725, 184590, 107440, 721018, 268619, 
87882, 324507, 188037, 355963, 21575, 
503241, 473993, 865047, 410189, 887134, 
76666, 265960, 305569, 295913, 68633, 
351866, 470352, 482565, 649938, 740984, 
343674, 309243, 500694, 763955, 691613, 
401605, 286800, 115387, 855005, 860494, 
657509, 728688, 401518, 52629, 116781, 
515986, 170302, 451248, 763593, 594741, 
879137, 585036, 129696, 303857, 660953, 
830771, 535386, 849109, 497794, 756007, 
692056, 450011, 250488, 648842, 328813

scheme -1 (division) - modulo: 41, bucket size: 1, quadratic
# of primary collisions: 96, secondary collisions: 1193, total collisions: 1289
# of comparisons: 1407, records inserted: 118, load factor: 0.983333

15088   56417   515290  795730  305987  
323659  896553  122675  771587  512386  
590245  548095  266266  387131  448459  
466431  351294  611358  294193  462253  
118510  796405  699891  813459  172921  
130118  805881  695141  666760  451064  
361486  250159  901067  190099  828347  
299425  755174  439065  562107  744230  
173347  884815  88186   75842   86509   
776206  587816  34031   306510  27643   
306410  590452  710788  854137  276340  
721018  268619  630399  779819  87882   
236725  324507  27806   212866  475788  
188037  107440  265960  503241  184590  
21575   355963  740984  473993  351866  
865047  482565  76666   887134  410189  
68633   860494  343674  305569  649938  
879137  295913  657509  470352  515986  
500694  309243  250488  286800  129696  
691613  52629   728688  401605  763955  
None    115387  855005  303857  451248  
535386  763593  170302  None    450011  
116781  660953  328813  401518  594741  
585036  756007  830771  849109  692056  

Execution Time: 1.155e-01 seconds
Memory Usage: 3.146e+06 bytes
