original input:
640246, 121228, 44958, 645323, 32652, 
752332, 592322, 527923, 286433, 59402, 
652352, 908172, 136238, 477932, 256672, 
369168, 400525, 83442, 246627, 166433, 
611373, 645027, 166721, 22923, 59904, 
274803, 456778, 87093, 26447, 765741, 
311630, 688035, 315021, 50755, 655481, 
300299, 882600, 551151, 372342, 139441, 
252284, 844996, 802740, 440610, 828065, 
738070, 849030, 855529, 469029, 596291, 
276324, 844434, 538741, 581308, 17006, 
401881, 140212, 106996, 870929, 635342, 
884046, 163589, 378210, 152999, 136774, 
133785, 14536, 891745, 628492, 630331, 
673398, 122293, 505866, 797978, 711766, 
479379, 456189, 89943, 349793, 773374, 
326209, 286668, 490378, 37188, 211269, 
72377, 620122, 835991, 494654, 336780, 
700150, 683693, 310488, 191948, 692894, 
792305, 184359, 853731, 207183, 240323, 
531675, 134181, 181511, 297843, 222673, 
671553, 813416, 409493

scheme -1 (division) - modulo: 41, bucket size: 3, quadratic
# of primary collisions: 87, secondary collisions: 540, total collisions: 627
# of comparisons: 735, records inserted: 108, load factor: 0.900000

139441  652352  26447   
59904   369168  628492  
22923   527923  635342  
286433  802740  87093   
256672  252284  246627  
645027  32652   166721  
315021  166433  300299  
83442   44958   752332  
645323  765741  274803  
908172  688035  551151  
311630  640246  121228  
440610  59402   372342  
592322  400525  136238  
882600  456778  477932  
611373  50755   469029  
276324  849030  844996  
596291  655481  855529  
870929  17006   844434  
581308  538741  828065  
14536   884046  136774  
401881  378210  106996  
152999  738070  630331  
122293  163589  140212  
700150  835991  891745  
479379  505866  89943   
792305  349793  456189  
326209  133785  797978  
286668  620122  711766  
494654  None    773374  
207183  184359  72377   
310488  673398  191948  
531675  853731  490378  
336780  None    None    
240323  692894  None    
211269  409493  671553  
37188   134181  813416  
683693  297843  None    
None    222673  None    
181511  None    None    
None    None    None    

Execution Time: 1.561e-03 seconds
Memory Usage: 0.000e+00 bytes
