original input:
640246, 121228, 44958, 645323, 32652, 
752332, 592322, 527923, 286433, 59402, 
652352, 908172, 136238, 477932, 256672, 
369168, 400525, 83442, 246627, 166433, 
611373, 645027, 166721, 22923, 59904, 
274803, 456778, 87093, 26447, 765741, 
311630, 688035, 315021, 50755, 655481, 
300299, 882600, 551151, 372342, 139441, 
252284, 844996, 802740, 440610, 828065, 
738070, 849030, 855529, 469029, 596291, 
276324, 844434, 538741, 581308, 17006, 
401881, 140212, 106996, 870929, 635342, 
884046, 163589, 378210, 152999, 136774, 
133785, 14536, 891745, 628492, 630331, 
673398, 122293, 505866, 797978, 711766, 
479379, 456189, 89943, 349793, 773374, 
326209, 286668, 490378, 37188, 211269, 
72377, 620122, 835991, 494654, 336780, 
700150, 683693, 310488, 191948, 692894, 
792305, 184359, 853731, 207183, 240323, 
531675, 134181, 181511, 297843, 222673, 
671553, 813416, 409493

scheme -1 (division) - modulo: 113, bucket size: 3, quadratic
# of primary collisions: 49, secondary collisions: 157, total collisions: 206
# of comparisons: 314, records inserted: 108, load factor: 0.900000

711766  828065  773374  
652352  620122  26447   
855529  372342  456189  
671553  531675  37188   
700150  286668  59904   
72377   853731  630331  
50755   None    409493  
835991  None    645027  
440610  692894  None    
122293  None    None    
None    673398  456778  
479379  181511  None    
581308  None    870929  
276324  336780  None    
813416  611373  136774  
None    166721  884046  
83442   256672  551151  
134181  None    400525  
765741  477932  17006   
401881  300299  349793  
635342  246627  849030  
891745  207183  683693  
494654  738070  252284  
184359  882600  538741  
14536   136238  191948  
490378  211269  59402   
163589  469029  792305  
655481  505866  87093   
222673  797978  240323  
310488  297843  592322  
311630  752332  121228  
645323  315021  286433  
844996  44958   166433  
844434  527923  640246  
802740  22923   908172  
140212  274803  596291  
32652   688035  369168  
106996  139441  378210  
152999  None    133785  
628492  89943   326209  

Execution Time: 2.704e-01 seconds
Memory Usage: 1.049e+06 bytes
