original input:
1, 2, 3, 4, 5, 
6, 7, 8, 9, 10, 
11, 12, 13, 14, 15, 
16, 17, 18, 19, 20, 
21, 22, 23, 24, 25, 
26, 27, 28, 29, 30, 
31, 32, 33, 34, 35, 
36, 37, 38, 39, 40, 
41, 42, 43, 44, 45, 
46, 47, 48, 49, 50, 
51, 52, 53, 54, 55, 
56, 57, 58, 59, 60, 
61, 62, 63, 64, 65, 
66, 67, 68, 69, 70, 
71, 72, 73, 74, 75, 
76, 77, 78, 79, 80, 
81, 82, 83, 84, 85, 
86, 87, 88, 89, 90, 
91, 92, 93, 94, 95, 
96, 97, 98, 99, 100, 
101, 102, 103, 104, 105, 
106, 107, 108, 109, 110, 
1000, 1113, 1500, 1613, 2000, 
2113

scheme -1 (custom) - modulo: N/A, bucket size: 3, quadratic
# of primary collisions: 102, secondary collisions: 945, total collisions: 1047
# of comparisons: 1163, records inserted: 116, load factor: 0.966667

8       67      16      
24      76      75      
32      73      40      
1613    92      83      
48      81      91      
56      72      5       
80      13      21      
89      88      29      
64      37      2000    
105     84      45      
78      96      53      
93      2       101     
10      18      86      
109     26      61      
34      108     102     
94      42      69      
110     50      100     
7       77      15      
23      97      None    
31      58      39      
1500    107     99      
47      66      85      
55      None    4       
1       12      9       
17      98      20      
63      28      103     
None    104     36      
71      74      44      
2113    25      6       
33      14      22      
82      41      30      
49      106     None    
90      57      52      
79      65      1113    
38      3       46      
11      19      87      
54      27      60      
35      1000    95      
62      43      68      
70      51      59      

Execution Time: 1.049e-01 seconds
Memory Usage: 2.097e+06 bytes
