original input:
1, 2, 3, 4, 5, 
6, 7, 8, 9, 10, 
11, 12, 13, 14, 15, 
16, 17, 18, 19, 20, 
21, 22, 23, 24, 25, 
26, 27, 28, 29, 30, 
31, 32, 33, 34, 35, 
36, 37, 38, 39, 40, 
41, 42, 43, 44, 45, 
46, 47, 48, 49, 50, 
51, 52, 53, 54, 55, 
56, 57, 58, 59, 60, 
61, 62, 63, 64, 65, 
66, 67, 68, 69, 70, 
71, 72, 73, 74, 75, 
76, 77, 78, 79, 80, 
81, 82, 83, 84, 85, 
86, 87, 88, 89, 90, 
91, 92, 93, 94, 95, 
96, 97, 98, 99, 100, 
101, 102, 103, 104, 105, 
106, 107, 108, 109, 110, 
1000, 1113, 1500, 1613, 2000, 
2113

scheme -1 (custom) - modulo: N/A, bucket size: 3, quadratic
# of primary collisions: 102, secondary collisions: 890, total collisions: 992
# of comparisons: 1107, records inserted: 115, load factor: 0.958333

8       16      67      
24      75      32      
73      83      40      
92      91      48      
1500    81      99      
56      72      5       
13      64      21      
80      29      86      
88      37      105     
96      45      106     
87      104     53      
93      2       10      
61      18      101     
26      95      69      
34      102     109     
42      77      84      
None    50      None    
7       15      58      
23      2000    31      
90      66      39      
None    None    47      
74      89      85      
55      100     4       
1       9       12      
17      20      97      
63      28      1113    
1613    36      71      
94      82      44      
2113    25      6       
14      33      22      
41      30      52      
49      None    98      
57      60      107     
79      65      110     
38      3       11      
46      19      54      
27      68      62      
35      103     70      
43      1000    76      
78      51      59      

Execution Time: 1.259e-01 seconds
Memory Usage: 2.097e+06 bytes
