original input:
755174, 305987, 796405, 56417, 130118, 
173347, 266266, 323659, 771587, 118510, 
896553, 515290, 512386, 361486, 466431, 
744230, 15088, 172921, 695141, 699891, 
795730, 122675, 294193, 590245, 805881, 
299425, 462253, 548095, 813459, 448459, 
884815, 387131, 611358, 86509, 666760, 
587816, 451064, 828347, 439065, 562107, 
190099, 776206, 351294, 276340, 710788, 
34031, 306510, 250159, 88186, 27806, 
27643, 75842, 901067, 630399, 590452, 
854137, 306410, 212866, 779819, 475788, 
236725, 184590, 107440, 721018, 268619, 
87882, 324507, 188037, 355963, 21575, 
503241, 473993, 865047, 410189, 887134, 
76666, 265960, 305569, 295913, 68633, 
351866, 470352, 482565, 649938, 740984, 
343674, 309243, 500694, 763955, 691613, 
401605, 286800, 115387, 855005, 860494, 
657509, 728688, 401518, 52629, 116781, 
515986, 170302, 451248, 763593, 594741, 
879137, 585036, 129696, 303857, 660953, 
830771, 535386, 849109, 497794, 756007, 
692056, 450011, 250488, 648842, 328813

scheme -1 (division) - modulo: 41, bucket size: 3, quadratic
# of primary collisions: 93, secondary collisions: 1288, total collisions: 1381
# of comparisons: 1500, records inserted: 119, load factor: 0.991667

15088   56417   515290  
122675  305987  323659  
896553  548095  771587  
512386  795730  590245  
266266  448459  299425  
466431  34031   387131  
294193  462253  118510  
796405  813459  699891  
172921  130118  805881  
695141  27806   451064  
361486  611358  828347  
666760  901067  884815  
755174  439065  562107  
744230  173347  776206  
86509   587816  88186   
75842   590452  190099  
351294  854137  306510  
27643   306410  250159  
710788  212866  276340  
721018  268619  630399  
779819  87882   236725  
324507  184590  21575   
475788  188037  107440  
265960  503241  865047  
76666   355963  740984  
473993  351866  309243  
482565  305569  887134  
410189  68633   860494  
343674  286800  649938  
879137  295913  657509  
470352  515986  500694  
115387  250488  855005  
303857  691613  52629   
728688  401605  763955  
849109  116781  401518  
660953  585036  535386  
763593  170302  None    
450011  451248  692056  
328813  497794  594741  
129696  756007  830771  

Execution Time: 1.574e-01 seconds
Memory Usage: 3.146e+06 bytes
