original input:
845212, 518093, 600713, 191164, 572379, 
678065, 509823, 522737, 903975, 310534, 
512807, 526935, 880157, 258443, 37193, 
34440, 315558, 374756, 587160, 174410, 
135713, 414059, 238261, 736003, 635897, 
132819, 837552, 736601, 419094, 760794, 
702798, 339719, 93775, 879499, 692390, 
477501, 551453, 20429, 137573, 83733, 
190986, 592460, 800625, 22093, 128200, 
722594, 71403, 167142, 347807, 422593, 
624109, 646744, 310398, 384479, 433747, 
487696, 539923, 723295, 696759, 534823, 
558229, 453976, 55476, 883328, 439870, 
411140, 87532, 720029, 844983, 651911, 
372709, 573246, 855275, 462522, 252846, 
618104, 217597, 34451, 504031, 522670, 
318806, 167795, 240606, 165679

scheme -1 (division) - modulo: 41, bucket size: 1, quadratic
# of primary collisions: 65, secondary collisions: 340, total collisions: 405
# of comparisons: 489, records inserted: 84, load factor: 0.700000

310534  34440   487696  526935  135713  
837552  37193   678065  903975  93775   
880157  238261  414059  736003  592460  
879499  374756  518093  702798  572379  
512807  258443  600713  191164  132819  
137573  315558  692390  522737  509823  
800625  624109  635897  419094  339719  
20429   736601  174410  845212  760794  
587160  128200  83733   551453  347807  
310398  477501  22093   190986  573246  
722594  651911  539923  71403   723295  
422593  165679  167142  504031  646744  
618104  462522  384479  558229  453976  
696759  None    240606  433747  87532   
217597  439870  167795  883328  55476   
855275  None    720029  None    534823  
252846  None    411140  None    None    
844983  522670  None    None    None    
372709  318806  None    None    None    
34451   None    None    None    None    
None    None    None    None    None    
None    None    None    None    None    
None    None    None    None    None    
None    None    None    None    None    

Execution Time: 8.089e-02 seconds
Memory Usage: 1.049e+06 bytes
