original input:
755174, 305987, 796405, 56417, 130118, 
173347, 266266, 323659, 771587, 118510, 
896553, 515290, 512386, 361486, 466431, 
744230, 15088, 172921, 695141, 699891, 
795730, 122675, 294193, 590245, 805881, 
299425, 462253, 548095, 813459, 448459, 
884815, 387131, 611358, 86509, 666760, 
587816, 451064, 828347, 439065, 562107, 
190099, 776206, 351294, 276340, 710788, 
34031, 306510, 250159, 88186, 27806, 
27643, 75842, 901067, 630399, 590452, 
854137, 306410, 212866, 779819, 475788, 
236725, 184590, 107440, 721018, 268619, 
87882, 324507, 188037, 355963, 21575, 
503241, 473993, 865047, 410189, 887134, 
76666, 265960, 305569, 295913, 68633, 
351866, 470352, 482565, 649938, 740984, 
343674, 309243, 500694, 763955, 691613, 
401605, 286800, 115387, 855005, 860494, 
657509, 728688, 401518, 52629, 116781, 
515986, 170302, 451248, 763593, 594741, 
879137, 585036, 129696, 303857, 660953, 
830771, 535386, 849109, 497794, 756007, 
692056, 450011, 250488, 648842, 328813

scheme -1 (custom) - modulo: N/A, bucket size: 1, linear
# of primary collisions: 57, secondary collisions: 816, total collisions: 873
# of comparisons: 993, records inserted: 120, load factor: 1.000000

15088   587816  562107  34031   212866  
236725  744230  503241  265960  410189  
351866  309243  276340  805881  401605  
305987  779819  115387  512386  884815  
88186   52629   755174  828347  184590  
170302  451248  763593  879137  172921  
585036  303857  740984  482565  855005  
849109  692056  68633   450011  268619  
666760  324507  795730  648842  328813  
896553  306510  448459  190099  590245  
86509   21575   475788  439065  361486  
813459  387131  462253  76666   548095  
305569  295913  343674  323659  771587  
355963  763955  691613  286800  116781  
611358  27806   27643   515986  266266  
466431  594741  129696  130118  776206  
401518  660953  75842   250159  710788  
299425  887134  830771  107440  695141  
535386  497794  756007  250488  500694  
901067  470352  188037  515290  306410  
657509  473993  118510  122675  728688  
796405  721018  630399  87882   294193  
854137  173347  451064  865047  649938  
860494  590452  56417   351294  699891  

Execution Time: 7.713e-02 seconds
Memory Usage: 2.097e+06 bytes
