original input:
755174, 305987, 796405, 56417, 130118, 
173347, 266266, 323659, 771587, 118510, 
896553, 515290, 512386, 361486, 466431, 
744230, 15088, 172921, 695141, 699891, 
795730, 122675, 294193, 590245, 805881, 
299425, 462253, 548095, 813459, 448459, 
884815, 387131, 611358, 86509, 666760, 
587816, 451064, 828347, 439065, 562107, 
190099, 776206, 351294, 276340, 710788, 
34031, 306510, 250159, 88186, 27806, 
27643, 75842, 901067, 630399, 590452, 
854137, 306410, 212866, 779819, 475788, 
236725, 184590, 107440, 721018, 268619, 
87882, 324507, 188037, 355963, 21575, 
503241, 473993, 865047, 410189, 887134, 
76666, 265960, 305569, 295913, 68633, 
351866, 470352, 482565, 649938, 740984, 
343674, 309243, 500694, 763955, 691613, 
401605, 286800, 115387, 855005, 860494, 
657509, 728688, 401518, 52629, 116781, 
515986, 170302, 451248, 763593, 594741, 
879137, 585036, 129696, 303857, 660953, 
830771, 535386, 849109, 497794, 756007, 
692056, 450011, 250488, 648842, 328813

scheme -1 (division) - modulo: 113, bucket size: 1, quadratic
# of primary collisions: 60, secondary collisions: 482, total collisions: 542
# of comparisons: 661, records inserted: 119, load factor: 0.991667

887134  657509  756007  401605  648842  
173347  901067  779819  27806   776206  
515290  896553  744230  355963  115387  
188037  286800  305569  710788  34031   
75842   268619  594741  771587  328813  
884815  170302  323659  611358  401518  
56417   172921  865047  190099  515986  
585036  303857  590452  266266  451248  
763955  343674  68633   740984  512386  
548095  590245  88186   562107  470352  
855005  535386  503241  76666   294193  
130118  276340  828347  475788  15088   
666760  439065  184590  691613  86509   
482565  309243  306410  None    306510  
122675  27643   473993  116781  265960  
448459  649938  692056  695141  805881  
466431  451064  699891  462253  854137  
813459  118510  212866  299425  295913  
351294  250159  728688  107440  796405  
630399  305987  795730  351866  721018  
52629   129696  87882   587816  236725  
324507  387131  500694  755174  830771  
879137  21575   361486  410189  497794  
860494  250488  849109  763593  660953  

Execution Time: 1.585e-03 seconds
Memory Usage: 0.000e+00 bytes
