original input:
755174, 305987, 796405, 56417, 130118, 
173347, 266266, 323659, 771587, 118510, 
896553, 515290, 512386, 361486, 466431, 
744230, 15088, 172921, 695141, 699891, 
795730, 122675, 294193, 590245, 805881, 
299425, 462253, 548095, 813459, 448459, 
884815, 387131, 611358, 86509, 666760, 
587816, 451064, 828347, 439065, 562107, 
190099, 776206, 351294, 276340, 710788, 
34031, 306510, 250159, 88186, 27806, 
27643, 75842, 901067, 630399, 590452, 
854137, 306410, 212866, 779819, 475788, 
236725, 184590, 107440, 721018, 268619, 
87882, 324507, 188037, 355963, 21575, 
503241, 473993, 865047, 410189, 887134, 
76666, 265960, 305569, 295913, 68633, 
351866, 470352, 482565, 649938, 740984, 
343674, 309243, 500694, 763955, 691613, 
401605, 286800, 115387, 855005, 860494, 
657509, 728688, 401518, 52629, 116781, 
515986, 170302, 451248, 763593, 594741, 
879137, 585036, 129696, 303857, 660953, 
830771, 535386, 849109, 497794, 756007, 
692056, 450011, 250488, 648842, 328813

scheme -1 (custom) - modulo: N/A, bucket size: 3, quadratic
# of primary collisions: 56, secondary collisions: 677, total collisions: 733
# of comparisons: 851, records inserted: 118, load factor: 0.983333

15088   562107  587816  
34031   212866  503241  
744230  236725  265960  
410189  351866  401605  
276340  805881  451248  
305987  879137  779819  
512386  884815  88186   
170302  755174  828347  
184590  849109  497794  
309243  52629   172921  
585036  115387  740984  
482565  535386  855005  
692056  68633   129696  
268619  666760  324507  
795730  450011  303857  
896553  306510  448459  
286800  590245  190099  
86509   475788  439065  
361486  813459  305569  
462253  387131  548095  
76666   295913  250488  
323659  343674  771587  
355963  763955  691613  
763593  611358  27643   
27806   116781  266266  
466431  None    594741  
130118  830771  776206  
21575   75842   250159  
710788  299425  887134  
756007  107440  695141  
401518  None    660953  
515986  500694  901067  
470352  188037  515290  
657509  306410  473993  
118510  122675  728688  
796405  721018  630399  
87882   294193  865047  
173347  451064  860494  
649938  854137  590452  
56417   351294  699891  

Execution Time: 9.723e-04 seconds
Memory Usage: 0.000e+00 bytes
