original input:
755174, 305987, 796405, 56417, 130118, 
173347, 266266, 323659, 771587, 118510, 
896553, 515290, 512386, 361486, 466431, 
744230, 15088, 172921, 695141, 699891, 
795730, 122675, 294193, 590245, 805881, 
299425, 462253, 548095, 813459, 448459, 
884815, 387131, 611358, 86509, 666760, 
587816, 451064, 828347, 439065, 562107, 
190099, 776206, 351294, 276340, 710788, 
34031, 306510, 250159, 88186, 27806, 
27643, 75842, 901067, 630399, 590452, 
854137, 306410, 212866, 779819, 475788, 
236725, 184590, 107440, 721018, 268619, 
87882, 324507, 188037, 355963, 21575, 
503241, 473993, 865047, 410189, 887134, 
76666, 265960, 305569, 295913, 68633, 
351866, 470352, 482565, 649938, 740984, 
343674, 309243, 500694, 763955, 691613, 
401605, 286800, 115387, 855005, 860494, 
657509, 728688, 401518, 52629, 116781, 
515986, 170302, 451248, 763593, 594741, 
879137, 585036, 129696, 303857, 660953, 
830771, 535386, 849109, 497794, 756007, 
692056, 450011, 250488, 648842, 328813

scheme -1 (division) - modulo: 113, bucket size: 1, quadratic
# of primary collisions: 60, secondary collisions: 442, total collisions: 502
# of comparisons: 621, records inserted: 119, load factor: 0.991667

303857  763593  756007  401605  482565  
173347  901067  779819  27806   776206  
515290  896553  744230  355963  188037  
286800  170302  305569  710788  34031   
75842   515986  594741  771587  309243  
884815  535386  323659  611358  401518  
56417   172921  590452  190099  268619  
585036  849109  865047  266266  451248  
763955  343674  68633   740984  512386  
548095  590245  88186   855005  660953  
562107  470352  503241  76666   294193  
130118  276340  828347  475788  15088   
666760  439065  184590  306510  86509   
728688  129696  306410  116781  691613  
122675  27643   473993  830771  450011  
448459  265960  692056  695141  805881  
466431  451064  699891  462253  854137  
813459  118510  212866  299425  324507  
351294  250159  497794  887134  796405  
107440  305987  795730  351866  115387  
52629   630399  295913  587816  236725  
21575   387131  None    755174  500694  
879137  721018  361486  410189  87882   
328813  657509  860494  649938  250488  

Execution Time: 1.391e-01 seconds
Memory Usage: 2.097e+06 bytes
