original input:
755174, 305987, 796405, 56417, 130118, 
173347, 266266, 323659, 771587, 118510, 
896553, 515290, 512386, 361486, 466431, 
744230, 15088, 172921, 695141, 699891, 
795730, 122675, 294193, 590245, 805881, 
299425, 462253, 548095, 813459, 448459, 
884815, 387131, 611358, 86509, 666760, 
587816, 451064, 828347, 439065, 562107, 
190099, 776206, 351294, 276340, 710788, 
34031, 306510, 250159, 88186, 27806, 
27643, 75842, 901067, 630399, 590452, 
854137, 306410, 212866, 779819, 475788, 
236725, 184590, 107440, 721018, 268619, 
87882, 324507, 188037, 355963, 21575, 
503241, 473993, 865047, 410189, 887134, 
76666, 265960, 305569, 295913, 68633, 
351866, 470352, 482565, 649938, 740984, 
343674, 309243, 500694, 763955, 691613, 
401605, 286800, 115387, 855005, 860494, 
657509, 728688, 401518, 52629, 116781, 
515986, 170302, 451248, 763593, 594741, 
879137, 585036, 129696, 303857, 660953, 
830771, 535386, 849109, 497794, 756007, 
692056, 450011, 250488, 648842, 328813

scheme -1 (division) - modulo: 113, bucket size: 1, quadratic
# of primary collisions: 61, secondary collisions: 412, total collisions: 473
# of comparisons: 592, records inserted: 119, load factor: 0.991667

303857  657509  116781  401605  52629   
173347  901067  779819  27806   776206  
515290  896553  744230  355963  115387  
188037  286800  305569  710788  34031   
75842   170302  268619  771587  None    
884815  594741  323659  611358  401518  
56417   172921  865047  190099  515986  
585036  328813  590452  266266  451248  
763593  343674  68633   740984  512386  
548095  590245  88186   855005  562107  
470352  849109  503241  76666   294193  
130118  276340  828347  306510  15088   
666760  439065  475788  691613  86509   
184590  692056  306410  482565  497794  
122675  27643   473993  535386  728688  
448459  649938  265960  695141  805881  
466431  451064  699891  462253  854137  
813459  118510  212866  299425  630399  
351294  250159  295913  309243  796405  
129696  305987  795730  351866  87882   
107440  250488  324507  587816  236725  
21575   387131  756007  755174  830771  
500694  721018  361486  410189  879137  
763955  860494  887134  660953  648842  

Execution Time: 9.057e-04 seconds
Memory Usage: 0.000e+00 bytes
