original input:
1000, 1001, 1002, 1003, 1004, 
1005, 1006, 1007, 1008, 1009, 
1010, 1011, 1012, 1013, 1014, 
1015, 1016, 1017, 1018, 1019, 
1020, 1021, 1022, 1023, 1024, 
1025, 1026, 1027, 1028, 1029, 
1030, 1031, 1032, 1033, 1034, 
1035, 1036, 1037, 1038, 1039, 
1040, 1041, 1042, 1043, 1044, 
1045, 1046, 1047, 1048, 1049, 
1050, 1051, 1052, 1053, 1054, 
1055, 1056, 1057, 1058, 1059, 
1060, 1061, 1062, 1063, 1064, 
1065, 1066, 1067, 1068, 1069, 
1070, 1071, 1072, 1073, 1074, 
1075, 1076, 1077, 1078, 1079, 
1080, 1081, 1082, 1083, 1084, 
1085, 1086, 1087, 1088, 1089, 
1090, 1091, 1092, 1093, 1094, 
1095, 1096, 1097, 1098, 1099, 
1100, 1101, 1102, 1103, 1104, 
1105, 1106, 1107, 1108, 1109, 
1110, 1111, 1112, 1113, 1114, 
1115, 1116, 1117, 1118

scheme -1 (custom) - modulo: N/A, bucket size: 3, quadratic
# of primary collisions: 106, secondary collisions: 1111, total collisions: 1217
# of comparisons: 1333, records inserted: 116, load factor: 0.966667

1068    1093    1103    
1075    1032    1078    
1043    1079    1080    
1005    1013    1076    
1088    1021    1086    
1051    1029    1081    
1090    1100    1087    
1037    1083    1040    
1084    1096    1002    
1010    1089    1101    
1018    1091    1048    
1026    1094    1095    
1105    1092    1034    
1104    1045    1056    
1109    1007    1004    
1102    1113    1015    
1112    1053    1023    
1099    1064    1118    
1097    1031    1117    
1042    1061    1108    
1012    1001    1009    
1072    1020    1017    
1050    1028    None    
1069    1115    1110    
1036    1106    1039    
1058    None    1025    
1006    1014    1077    
1033    1022    1047    
1041    1030    1066    
None    1107    1049    
1038    1044    1055    
1085    1046    1003    
1011    1074    1054    
1019    1052    1057    
1027    1063    None    
1098    1062    1035    
1065    1060    1082    
1059    1000    1008    
1071    1067    1016    
1073    1070    1024    

Execution Time: 7.575e-02 seconds
Memory Usage: 2.097e+06 bytes
