original input:
755174, 305987, 796405, 56417, 130118, 
173347, 266266, 323659, 771587, 118510, 
896553, 515290, 512386, 361486, 466431, 
744230, 15088, 172921, 695141, 699891, 
795730, 122675, 294193, 590245, 805881, 
299425, 462253, 548095, 813459, 448459, 
884815, 387131, 611358, 86509, 666760, 
587816, 451064, 828347, 439065, 562107, 
190099, 776206, 351294, 276340, 710788, 
34031, 306510, 250159, 88186, 27806, 
27643, 75842, 901067, 630399, 590452, 
854137, 306410, 212866, 779819, 475788, 
236725, 184590, 107440, 721018, 268619, 
87882, 324507, 188037, 355963, 21575, 
503241, 473993, 865047, 410189, 887134, 
76666, 265960, 305569, 295913, 68633, 
351866, 470352, 482565, 649938, 740984, 
343674, 309243, 500694, 763955, 691613, 
401605, 286800, 115387, 855005, 860494, 
657509, 728688, 401518, 52629, 116781, 
515986, 170302, 451248, 763593, 594741, 
879137, 585036, 129696, 303857, 660953, 
830771, 535386, 849109, 497794, 756007, 
692056, 450011, 250488, 648842, 328813

scheme -1 (division) - modulo: 127, bucket size: 1, quadratic
# of primary collisions: 65, secondary collisions: 546, total collisions: 611
# of comparisons: 728, records inserted: 117, load factor: 0.975000

122675  699891  34031   901067  27806   
562107  884815  305569  236725  107440  
744230  666760  351294  343674  212866  
268619  None    87882   451248  118510  
295913  129696  448459  86509   813459  
497794  439065  75842   None    56417   
590452  401605  755174  473993  324507  
387131  309243  657509  286800  779819  
721018  855005  170302  887134  305987  
361486  475788  879137  88186   594741  
865047  515290  52629   828347  68633   
648842  250488  763955  535386  306510  
896553  294193  771587  323659  587816  
830771  805881  503241  512386  854137  
130118  695141  470352  740984  266266  
172921  795730  590245  188037  649938  
351866  860494  265960  184590  27643   
76666   299425  466431  451064  728688  
548095  500694  482565  306410  660953  
115387  710788  250159  630399  691613  
462253  None    15088   756007  303857  
585036  410189  611358  190099  776206  
355963  401518  21575   515986  849109  
796405  276340  116781  763593  173347  

Execution Time: 2.106e-03 seconds
Memory Usage: 0.000e+00 bytes
