original input:
1, 2, 3, 4, 5, 
6, 7, 8, 9, 10, 
11, 12, 13, 14, 15, 
16, 17, 18, 19, 20, 
21, 22, 23, 24, 25, 
26, 27, 28, 29, 30, 
31, 32, 33, 34, 35, 
36, 37, 38, 39, 40, 
41, 42, 43, 44, 45, 
46, 47, 48, 49, 50, 
51, 52, 53, 54, 55, 
56, 57, 58, 59, 60, 
61, 62, 63, 64, 65, 
66, 67, 68, 69, 70, 
71, 72, 73, 74, 75, 
76, 77, 78, 79, 80, 
81, 82, 83, 84, 85, 
86, 87, 88, 89, 90, 
91, 92, 93, 94, 95, 
96, 97, 98, 99, 100, 
101, 102, 103, 104, 105, 
106, 107, 108, 109, 110, 
1000, 1113, 1500, 1613, 2000, 
2113

scheme -1 (custom) - modulo: N/A, bucket size: 1, quadratic
# of primary collisions: 104, secondary collisions: 715, total collisions: 819
# of comparisons: 935, records inserted: 116, load factor: 0.966667

8       67      16      None    70      
35      75      24      58      105     
73      74      69      32      78      
43      72      5       80      13      
98      83      40      88      21      
63      90      86      51      66      
29      91      48      89      2       
93      10      95      96      37      
101     18      60      87      99      
56      71      26      104     45      
94      7       102     15      100     
109     34      85      23      64      
92      None    53      68      31      
None    42      107     4       1       
12      9       None    39      82      
20      17      97      106     50      
81      28      1500    47      1113    
25      6       33      14      1000    
36      79      41      22      110     
103     55      84      49      30      
44      2113    38      3       46      
11      2000    57      76      54      
19      61      108     52      77      
62      27      65      1613    59      

Execution Time: 2.558e-03 seconds
Memory Usage: 0.000e+00 bytes
