original input:
9999, 17918, 25837, 33756, 41675, 
49594, 57513, 65432, 73351, 81270, 
89189, 97108, 105027, 112946, 120865, 
128784, 136703, 144622, 152541, 160460, 
168379, 176298, 184217, 192136, 200055, 
207974, 215893, 223812, 231731, 239650, 
247569, 255488, 263407, 271326, 279245, 
287164, 295083, 303002, 310921, 318840, 
326759, 334678, 342597, 350516, 358435, 
366354, 374273, 382192, 390111, 398030, 
405949, 413868, 421787, 429706, 437625, 
445544, 453463, 461382, 469301, 477220, 
485139, 493058, 500977, 508896, 516815, 
524734, 532653, 540572, 548491, 556410, 
564329, 572248, 580167, 588086, 596005, 
603924, 611843, 619762, 627681, 635600, 
643519, 651438, 659357, 667276, 675195, 
683114, 691033, 698952, 706871, 714790, 
722709, 730628, 738547, 746466, 754385, 
762304, 770223, 778142, 786061, 793980, 
801899, 809818, 817737, 825656, 833575, 
841494, 849413, 857332, 865251, 873170, 
881089, 889008, 896927, 904846, 912765, 
920684, 928603, 936522, 944441

scheme -1 (division) - modulo: 41, bucket size: 3, linear
# of primary collisions: 78, secondary collisions: 4567, total collisions: 4645
# of comparisons: 4764, records inserted: 119, load factor: 0.991667

287164  17918   73351   
128784  184217  239650  
295083  25837   81270   
136703  192136  247569  
303002  33756   89189   
144622  200055  255488  
310921  41675   97108   
152541  207974  263407  
318840  49594   105027  
160460  215893  271326  
326759  57513   112946  
168379  223812  279245  
9999    65432   120865  
176298  231731  334678  
342597  350516  358435  
366354  374273  382192  
390111  398030  405949  
413868  421787  429706  
437625  445544  453463  
461382  469301  477220  
485139  493058  500977  
508896  516815  524734  
532653  540572  548491  
556410  564329  572248  
580167  588086  596005  
603924  611843  619762  
627681  635600  643519  
651438  659357  667276  
675195  683114  691033  
698952  706871  714790  
722709  730628  738547  
746466  754385  762304  
770223  778142  786061  
793980  801899  809818  
817737  825656  833575  
841494  849413  857332  
865251  873170  881089  
889008  896927  904846  
912765  920684  928603  
936522  944441  None    

Execution Time: 1.825e-03 seconds
Memory Usage: 0.000e+00 bytes
