original input:
1, 2, 3, 4, 5, 
6, 7, 8, 9, 10, 
11, 12, 13, 14, 15, 
16, 17, 18, 19, 20, 
21, 22, 23, 24, 25, 
26, 27, 28, 29, 30, 
31, 32, 33, 34, 35, 
36, 37, 38, 39, 40, 
41, 42, 43, 44, 45, 
46, 47, 48, 49, 50, 
51, 52, 53, 54, 55, 
56, 57, 58, 59, 60, 
61, 62, 63, 64, 65, 
66, 67, 68, 69, 70, 
71, 72, 73, 74, 75, 
76, 77, 78, 79, 80, 
81, 82, 83, 84, 85, 
86, 87, 88, 89, 90, 
91, 92, 93, 94, 95, 
96, 97, 98, 99, 100, 
101, 102, 103, 104, 105, 
106, 107, 108, 109, 110, 
1000, 1113, 1500, 1613, 2000, 
2113

scheme -1 (custom) - modulo: N/A, bucket size: 1, quadratic
# of primary collisions: 102, secondary collisions: 798, total collisions: 900
# of comparisons: 1015, records inserted: 115, load factor: 0.958333

8       16      79      67      24      
65      62      32      68      None    
103     75      40      70      43      
87      72      5       13      76      
80      21      78      51      29      
73      90      108     88      37      
83      48      84      93      2       
10      81      101     18      91      
56      26      86      95      97      
92      34      96      45      64      
109     7       15      94      105     
23      104     53      31      99      
100     110     89      39      None    
42      61      1500    4       1       
9       None    12      17      50      
20      2113    69      1113    102     
28      106     47      58      2000    
25      6       14      77      33      
22      55      36      30      66      
None    107     41      None    44      
63      85      38      3       11      
74      46      19      52      49      
27      71      1000    98      54      
35      57      60      82      59      

Execution Time: 1.696e-03 seconds
Memory Usage: 0.000e+00 bytes
