original input:
1000, 1001, 1002, 1003, 1004, 
1005, 1006, 1007, 1008, 1009, 
1010, 1011, 1012, 1013, 1014, 
1015, 1016, 1017, 1018, 1019, 
1020, 1021, 1022, 1023, 1024, 
1025, 1026, 1027, 1028, 1029, 
1030, 1031, 1032, 1033, 1034, 
1035, 1036, 1037, 1038, 1039, 
1040, 1041, 1042, 1043, 1044, 
1045, 1046, 1047, 1048, 1049, 
1050, 1051, 1052, 1053, 1054, 
1055, 1056, 1057, 1058, 1059, 
1060, 1061, 1062, 1063, 1064, 
1065, 1066, 1067, 1068, 1069, 
1070, 1071, 1072, 1073, 1074, 
1075, 1076, 1077, 1078, 1079, 
1080, 1081, 1082, 1083, 1084, 
1085, 1086, 1087, 1088, 1089, 
1090, 1091, 1092, 1093, 1094, 
1095, 1096, 1097, 1098, 1099, 
1100, 1101, 1102, 1103, 1104, 
1105, 1106, 1107, 1108, 1109, 
1110, 1111, 1112, 1113, 1114, 
1115, 1116, 1117, 1118

scheme -1 (division) - modulo: 127, bucket size: 1, quadratic
# of primary collisions: 103, secondary collisions: 361, total collisions: 464
# of comparisons: 583, records inserted: 119, load factor: 0.991667

1009    1010    1011    1012    1013    
1014    1015    1017    1016    1019    
1018    1021    1020    1023    1022    
1025    1024    1027    1026    1029    
1028    1031    1030    1033    1032    
1035    1034    1037    1036    1039    
1038    1041    1040    1043    1042    
1045    1044    1047    1046    1049    
1048    1051    1050    1053    1052    
1055    1054    1057    1056    1059    
1058    1061    1060    1063    1062    
1065    1064    1067    1066    1069    
1068    1071    1070    1073    1072    
1075    1074    1077    1076    1079    
1078    1081    1080    1083    1082    
1085    1084    1087    1086    1089    
1088    1091    1090    1093    1092    
1095    1094    1097    1096    1099    
1098    1101    1100    1103    1102    
1105    1104    1107    1106    1109    
1108    1111    1110    1113    1112    
1115    1114    1117    1116    None    
1118    1000    1001    1002    1003    
1004    1005    1006    1007    1008    

Execution Time: 2.090e-01 seconds
Memory Usage: 2.097e+06 bytes
