original input:
1000, 1001, 1002, 1003, 1004, 
1005, 1006, 1007, 1008, 1009, 
1010, 1011, 1012, 1013, 1014, 
1015, 1016, 1017, 1018, 1019, 
1020, 1021, 1022, 1023, 1024, 
1025, 1026, 1027, 1028, 1029, 
1030, 1031, 1032, 1033, 1034, 
1035, 1036, 1037, 1038, 1039, 
1040, 1041, 1042, 1043, 1044, 
1045, 1046, 1047, 1048, 1049, 
1050, 1051, 1052, 1053, 1054, 
1055, 1056, 1057, 1058, 1059, 
1060, 1061, 1062, 1063, 1064, 
1065, 1066, 1067, 1068, 1069, 
1070, 1071, 1072, 1073, 1074, 
1075, 1076, 1077, 1078, 1079, 
1080, 1081, 1082, 1083, 1084, 
1085, 1086, 1087, 1088, 1089, 
1090, 1091, 1092, 1093, 1094, 
1095, 1096, 1097, 1098, 1099, 
1100, 1101, 1102, 1103, 1104, 
1105, 1106, 1107, 1108, 1109, 
1110, 1111, 1112, 1113, 1114, 
1115, 1116, 1117, 1118

scheme -1 (division) - modulo: 127, bucket size: 3, quadratic
# of primary collisions: 103, secondary collisions: 275, total collisions: 378
# of comparisons: 497, records inserted: 119, load factor: 0.991667

1009    1010    1011    
1012    1013    1014    
1015    1018    1016    
1017    1021    1019    
1020    1024    1022    
1023    1027    1025    
1026    1030    1028    
1029    1033    1031    
1032    1036    1034    
1035    1039    1037    
1038    1042    1040    
1041    1045    1043    
1044    1048    1046    
1047    1051    1049    
1050    1054    1052    
1053    1057    1055    
1056    1060    1058    
1059    1063    1061    
1062    1066    1064    
1065    1069    1067    
1068    1072    1070    
1071    1075    1073    
1074    1078    1076    
1077    1081    1079    
1080    1084    1082    
1083    1087    1085    
1086    1090    1088    
1089    1093    1091    
1092    1096    1094    
1095    1099    1097    
1098    1102    1100    
1101    1105    1103    
1104    1108    1106    
1107    1111    1109    
1110    1114    1112    
1113    1117    1115    
1116    None    1118    
1000    1001    1002    
1003    1004    1005    
1006    1007    1008    

Execution Time: 7.560e-04 seconds
Memory Usage: 0.000e+00 bytes
