original input:
755174, 305987, 796405, 56417, 130118, 
173347, 266266, 323659, 771587, 118510, 
896553, 515290, 512386, 361486, 466431, 
744230, 15088, 172921, 695141, 699891, 
795730, 122675, 294193, 590245, 805881, 
299425, 462253, 548095, 813459, 448459, 
884815, 387131, 611358, 86509, 666760, 
587816, 451064, 828347, 439065, 562107, 
190099, 776206, 351294, 276340, 710788, 
34031, 306510, 250159, 88186, 27806, 
27643, 75842, 901067, 630399, 590452, 
854137, 306410, 212866, 779819, 475788, 
236725, 184590, 107440, 721018, 268619, 
87882, 324507, 188037, 355963, 21575, 
503241, 473993, 865047, 410189, 887134, 
76666, 265960, 305569, 295913, 68633, 
351866, 470352, 482565, 649938, 740984, 
343674, 309243, 500694, 763955, 691613, 
401605, 286800, 115387, 855005, 860494, 
657509, 728688, 401518, 52629, 116781, 
515986, 170302, 451248, 763593, 594741, 
879137, 585036, 129696, 303857, 660953, 
830771, 535386, 849109, 497794, 756007, 
692056, 450011, 250488, 648842, 328813

scheme -1 (division) - modulo: 41, bucket size: 3, quadratic
# of primary collisions: 93, secondary collisions: 1040, total collisions: 1133
# of comparisons: 1249, records inserted: 116, load factor: 0.966667

15088   56417   515290  
122675  305987  323659  
896553  548095  771587  
512386  27806   590245  
266266  795730  710788  
466431  901067  351294  
294193  462253  118510  
796405  590452  699891  
172921  130118  805881  
695141  299425  666760  
361486  854137  236725  
611358  451064  884815  
755174  813459  562107  
744230  173347  190099  
86509   439065  250159  
387131  587816  276340  
448459  500694  828347  
75842   265960  776206  
88186   184590  27643   
309243  779819  721018  
630399  34031   482565  
76666   306410  865047  
87882   107440  740984  
324507  401605  306510  
410189  305569  470352  
268619  295913  887134  
351866  286800  473993  
503241  212866  21575   
475788  188037  343674  
68633   692056  170302  
250488  355963  763955  
657509  328813  401518  
649938  585036  451248  
691613  52629   860494  
450011  115387  660953  
879137  855005  594741  
515986  116781  728688  
None    None    303857  
849109  535386  763593  
None    None    830771  

Execution Time: 1.148e-01 seconds
Memory Usage: 3.146e+06 bytes
