original input:
755174, 305987, 796405, 56417, 130118, 
173347, 266266, 323659, 771587, 118510, 
896553, 515290, 512386, 361486, 466431, 
744230, 15088, 172921, 695141, 699891, 
795730, 122675, 294193, 590245, 805881, 
299425, 462253, 548095, 813459, 448459, 
884815, 387131, 611358, 86509, 666760, 
587816, 451064, 828347, 439065, 562107, 
190099, 776206, 351294, 276340, 710788, 
34031, 306510, 250159, 88186, 27806, 
27643, 75842, 901067, 630399, 590452, 
854137, 306410, 212866, 779819, 475788, 
236725, 184590, 107440, 721018, 268619, 
87882, 324507, 188037, 355963, 21575, 
503241, 473993, 865047, 410189, 887134, 
76666, 265960, 305569, 295913, 68633, 
351866, 470352, 482565, 649938, 740984, 
343674, 309243, 500694, 763955, 691613, 
401605, 286800, 115387, 855005, 860494, 
657509, 728688, 401518, 52629, 116781, 
515986, 170302, 451248, 763593, 594741, 
879137, 585036, 129696, 303857, 660953, 
830771, 535386, 849109, 497794, 756007, 
692056, 450011, 250488, 648842, 328813

scheme -1 (division) - modulo: 113, bucket size: 3, quadratic
# of primary collisions: 63, secondary collisions: 453, total collisions: 516
# of comparisons: 635, records inserted: 119, load factor: 0.991667

303857  648842  250488  
401605  763593  173347  
779819  901067  27806   
776206  515290  896553  
744230  188037  286800  
355963  115387  305569  
710788  75842   34031   
268619  594741  771587  
660953  884815  170302  
323659  611358  590452  
56417   172921  865047  
190099  515986  657509  
328813  401518  266266  
451248  756007  343674  
68633   740984  512386  
548095  590245  562107  
88186   470352  855005  
535386  503241  691613  
294193  130118  306510  
828347  276340  15088   
666760  475788  439065  
184590  86509   585036  
728688  306410  692056  
849109  122675  27643   
76666   473993  265960  
448459  116781  649938  
695141  295913  466431  
805881  699891  462253  
451064  813459  118510  
630399  299425  854137  
351294  129696  250159  
212866  796405  309243  
305987  795730  107440  
324507  351866  87882   
721018  587816  887134  
236725  387131  21575   
755174  497794  500694  
482565  361486  879137  
410189  860494  830771  
763955  None    52629   

Execution Time: 1.118e-01 seconds
Memory Usage: 2.097e+06 bytes
