original input:
1000, 1001, 1002, 1003, 1004, 
1005, 1006, 1007, 1008, 1009, 
1010, 1011, 1012, 1013, 1014, 
1015, 1016, 1017, 1018, 1019, 
1020, 1021, 1022, 1023, 1024, 
1025, 1026, 1027, 1028, 1029, 
1030, 1031, 1032, 1033, 1034, 
1035, 1036, 1037, 1038, 1039, 
1040, 1041, 1042, 1043, 1044, 
1045, 1046, 1047, 1048, 1049, 
1050, 1051, 1052, 1053, 1054, 
1055, 1056, 1057, 1058, 1059, 
1060, 1061, 1062, 1063, 1064, 
1065, 1066, 1067, 1068, 1069, 
1070, 1071, 1072, 1073, 1074, 
1075, 1076, 1077, 1078, 1079, 
1080, 1081, 1082, 1083, 1084, 
1085, 1086, 1087, 1088, 1089, 
1090, 1091, 1092, 1093, 1094, 
1095, 1096, 1097, 1098, 1099, 
1100, 1101, 1102, 1103, 1104, 
1105, 1106, 1107, 1108, 1109, 
1110, 1111, 1112, 1113, 1114, 
1115, 1116, 1117, 1118

scheme -1 (custom) - modulo: N/A, bucket size: 1, quadratic
# of primary collisions: 109, secondary collisions: 1224, total collisions: 1333
# of comparisons: 1452, records inserted: 119, load factor: 0.991667

1108    1046    1024    1111    1070    
1051    1079    1097    1044    1005    
1013    1042    1073    1054    1021    
1045    1072    1105    1059    1029    
1116    1083    1048    1084    1093    
1052    1002    1010    1047    1078    
1067    1018    1050    1077    1102    
1080    1026    1113    1096    1053    
1081    1098    1057    1007    1004    
1060    1091    1056    1015    1055    
1082    1107    1092    1023    1110    
1109    1058    1086    1095    1062    
1012    1001    1009    1038    1061    
1020    1017    1087    1112    1089    
1028    1115    1114    1063    1099    
1064    1075    1025    1006    1014    
1035    1066    1031    1022    1100    
None    1094    1033    1030    1118    
1068    1104    1069    1088    1034    
1003    1011    1032    1071    1036    
1019    1043    1085    1103    1041    
1027    1106    1065    1117    1074    
1101    1039    1000    1008    1037    
1076    1049    1016    1040    1090    

Execution Time: 1.538e-01 seconds
Memory Usage: 2.097e+06 bytes
