original input:
1000, 1001, 1002, 1003, 1004, 
1005, 1006, 1007, 1008, 1009, 
1010, 1011, 1012, 1013, 1014, 
1015, 1016, 1017, 1018, 1019, 
1020, 1021, 1022, 1023, 1024, 
1025, 1026, 1027, 1028, 1029, 
1030, 1031, 1032, 1033, 1034, 
1035, 1036, 1037, 1038, 1039, 
1040, 1041, 1042, 1043, 1044, 
1045, 1046, 1047, 1048, 1049, 
1050, 1051, 1052, 1053, 1054, 
1055, 1056, 1057, 1058, 1059, 
1060, 1061, 1062, 1063, 1064, 
1065, 1066, 1067, 1068, 1069, 
1070, 1071, 1072, 1073, 1074, 
1075, 1076, 1077, 1078, 1079, 
1080, 1081, 1082, 1083, 1084, 
1085, 1086, 1087, 1088, 1089, 
1090, 1091, 1092, 1093, 1094, 
1095, 1096, 1097, 1098, 1099, 
1100, 1101, 1102, 1103, 1104, 
1105, 1106, 1107, 1108, 1109, 
1110, 1111, 1112, 1113, 1114, 
1115, 1116, 1117, 1118

scheme -1 (custom) - modulo: N/A, bucket size: 3, quadratic
# of primary collisions: 105, secondary collisions: 1066, total collisions: 1171
# of comparisons: 1288, records inserted: 117, load factor: 0.975000

1032    1100    1091    
1040    None    1089    
1099    1048    1080    
1005    1013    1056    
1021    1088    1029    
1090    1064    1037    
1105    1096    1045    
1072    1079    1104    
1053    1101    1002    
1010    1061    1018    
1109    1026    1087    
1069    1034    1102    
1117    1042    1077    
1084    None    1050    
1111    1007    1004    
1058    1015    1114    
1023    1092    1066    
1031    1115    None    
1039    1074    1097    
1085    1047    1108    
1012    1001    1009    
1020    1017    1028    
1095    1055    1036    
1118    1093    1044    
1063    1094    1082    
1052    1113    1025    
1006    1014    1033    
1022    1041    1030    
1060    1049    1038    
1098    1057    1068    
1107    1071    1065    
1110    1046    1003    
1011    1054    1019    
1062    1027    1073    
1070    1035    1103    
1078    1043    1112    
1076    1086    1051    
1059    1000    1008    
1067    1016    1075    
1024    1081    1083    

Execution Time: 8.382e-02 seconds
Memory Usage: 2.097e+06 bytes
