original input:
755174, 305987, 796405, 56417, 130118, 
173347, 266266, 323659, 771587, 118510, 
896553, 515290, 512386, 361486, 466431, 
744230, 15088, 172921, 695141, 699891, 
795730, 122675, 294193, 590245, 805881, 
299425, 462253, 548095, 813459, 448459, 
884815, 387131, 611358, 86509, 666760, 
587816, 451064, 828347, 439065, 562107, 
190099, 776206, 351294, 276340, 710788, 
34031, 306510, 250159, 88186, 27806, 
27643, 75842, 901067, 630399, 590452, 
854137, 306410, 212866, 779819, 475788, 
236725, 184590, 107440, 721018, 268619, 
87882, 324507, 188037, 355963, 21575, 
503241, 473993, 865047, 410189, 887134, 
76666, 265960, 305569, 295913, 68633, 
351866, 470352, 482565, 649938, 740984, 
343674, 309243, 500694, 763955, 691613, 
401605, 286800, 115387, 855005, 860494, 
657509, 728688, 401518, 52629, 116781, 
515986, 170302, 451248, 763593, 594741, 
879137, 585036, 129696, 303857, 660953, 
830771, 535386, 849109, 497794, 756007, 
692056, 450011, 250488, 648842, 328813

scheme -1 (division) - modulo: 41, bucket size: 3, quadratic
# of primary collisions: 95, secondary collisions: 1277, total collisions: 1372
# of comparisons: 1490, records inserted: 118, load factor: 0.983333

15088   56417   515290  
795730  305987  323659  
896553  299425  771587  
512386  590245  122675  
266266  710788  387131  
466431  448459  351294  
294193  462253  118510  
796405  699891  666760  
172921  130118  805881  
695141  451064  828347  
361486  548095  27806   
250159  813459  884815  
755174  439065  562107  
744230  173347  86509   
611358  587816  88186   
901067  776206  190099  
276340  34031   306510  
779819  75842   630399  
854137  107440  236725  
27643   306410  590452  
87882   76666   721018  
184590  212866  475788  
188037  351866  324507  
268619  503241  295913  
355963  410189  473993  
265960  309243  865047  
305569  535386  21575   
68633   500694  343674  
482565  286800  649938  
740984  887134  470352  
401605  763955  170302  
115387  401518  855005  
691613  52629   860494  
728688  515986  451248  
116781  849109  657509  
303857  585036  594741  
763593  830771  None    
450011  129696  660953  
879137  None    692056  
497794  250488  328813  

Execution Time: 1.237e-03 seconds
Memory Usage: 0.000e+00 bytes
