original input:
755174, 305987, 796405, 56417, 130118, 
173347, 266266, 323659, 771587, 118510, 
896553, 515290, 512386, 361486, 466431, 
744230, 15088, 172921, 695141, 699891, 
795730, 122675, 294193, 590245, 805881, 
299425, 462253, 548095, 813459, 448459, 
884815, 387131, 611358, 86509, 666760, 
587816, 451064, 828347, 439065, 562107, 
190099, 776206, 351294, 276340, 710788, 
34031, 306510, 250159, 88186, 27806, 
27643, 75842, 901067, 630399, 590452, 
854137, 306410, 212866, 779819, 475788, 
236725, 184590, 107440, 721018, 268619, 
87882, 324507, 188037, 355963, 21575, 
503241, 473993, 865047, 410189, 887134, 
76666, 265960, 305569, 295913, 68633, 
351866, 470352, 482565, 649938, 740984, 
343674, 309243, 500694, 763955, 691613, 
401605, 286800, 115387, 855005, 860494, 
657509, 728688, 401518, 52629, 116781, 
515986, 170302, 451248, 763593, 594741, 
879137, 585036, 129696, 303857, 660953, 
830771, 535386, 849109, 497794, 756007, 
692056, 450011, 250488, 648842, 328813

scheme -1 (division) - modulo: 127, bucket size: 3, linear
# of primary collisions: 70, secondary collisions: 617, total collisions: 687
# of comparisons: 807, records inserted: 120, load factor: 1.000000

122675  699891  34031   
27806   901067  562107  
884815  236725  107440  
87882   744230  666760  
351294  305569  212866  
268619  295913  343674  
309243  118510  170302  
451248  448459  86509   
813459  75842   439065  
324507  265960  56417   
590452  473993  755174  
401605  286800  387131  
657509  594741  129696  
779819  721018  887134  
855005  879137  305987  
361486  475788  660953  
88186   692056  865047  
515290  763955  828347  
68633   52629   450011  
250488  648842  306510  
896553  294193  771587  
323659  587816  854137  
805881  184590  512386  
503241  130118  695141  
470352  740984  266266  
172921  795730  590245  
188037  351866  649938  
500694  115387  860494  
27643   76666   299425  
466431  451064  306410  
548095  728688  482565  
401518  116781  763593  
710788  250159  630399  
691613  462253  585036  
15088   303857  830771  
535386  410189  611358  
190099  776206  355963  
497794  21575   515986  
849109  796405  276340  
756007  328813  173347  

Execution Time: 1.381e-01 seconds
Memory Usage: 2.097e+06 bytes
