original input:
845212, 518093, 600713, 191164, 572379, 
678065, 509823, 522737, 903975, 310534, 
512807, 526935, 880157, 258443, 37193, 
34440, 315558, 374756, 587160, 174410, 
135713, 414059, 238261, 736003, 635897, 
132819, 837552, 736601, 419094, 760794, 
702798, 339719, 93775, 879499, 692390, 
477501, 551453, 20429, 137573, 83733, 
190986, 592460, 800625, 22093, 128200, 
722594, 71403, 167142, 347807, 422593, 
624109, 646744, 310398, 384479, 433747, 
487696, 539923, 723295, 696759, 534823, 
558229, 453976, 55476, 883328, 439870, 
411140, 87532, 720029, 844983, 651911, 
372709, 573246, 855275, 462522, 252846, 
618104, 217597, 34451, 504031, 522670, 
318806, 167795, 240606, 165679

scheme -1 (division) - modulo: 41, bucket size: 3, quadratic
# of primary collisions: 62, secondary collisions: 292, total collisions: 354
# of comparisons: 438, records inserted: 84, load factor: 0.700000

310534  34440   487696  
526935  135713  837552  
37193   678065  903975  
93775   880157  238261  
736003  696759  414059  
477501  374756  518093  
702798  572379  512807  
258443  600713  191164  
132819  20429   315558  
692390  522737  509823  
71403   592460  635897  
419094  339719  22093   
736601  174410  845212  
760794  587160  83733   
128200  551453  347807  
453976  422593  167142  
879499  310398  722594  
651911  384479  462522  
723295  55476   539923  
None    137573  624109  
190986  252846  646744  
411140  883328  573246  
558229  855275  87532   
618104  800625  534823  
None    433747  439870  
217597  34451   None    
None    844983  720029  
None    522670  504031  
372709  None    None    
None    167795  None    
None    165679  None    
None    None    None    
318806  None    240606  
None    None    None    
None    None    None    
None    None    None    
None    None    None    
None    None    None    
None    None    None    
None    None    None    

Execution Time: 1.092e-01 seconds
Memory Usage: 1.049e+06 bytes
