original input:
9999, 17918, 25837, 33756, 41675, 
49594, 57513, 65432, 73351, 81270, 
89189, 97108, 105027, 112946, 120865, 
128784, 136703, 144622, 152541, 160460, 
168379, 176298, 184217, 192136, 200055, 
207974, 215893, 223812, 231731, 239650, 
247569, 255488, 263407, 271326, 279245, 
287164, 295083, 303002, 310921, 318840, 
326759, 334678, 342597, 350516, 358435, 
366354, 374273, 382192, 390111, 398030, 
405949, 413868, 421787, 429706, 437625, 
445544, 453463, 461382, 469301, 477220, 
485139, 493058, 500977, 508896, 516815, 
524734, 532653, 540572, 548491, 556410, 
564329, 572248, 580167, 588086, 596005, 
603924, 611843, 619762, 627681, 635600, 
643519, 651438, 659357, 667276, 675195, 
683114, 691033, 698952, 706871, 714790, 
722709, 730628, 738547, 746466, 754385, 
762304, 770223, 778142, 786061, 793980, 
801899, 809818, 817737, 825656, 833575, 
841494, 849413, 857332, 865251, 873170, 
881089, 889008, 896927, 904846, 912765, 
920684, 928603, 936522, 944441

scheme -1 (custom) - modulo: N/A, bucket size: 3, quadratic
# of primary collisions: 16, secondary collisions: 72, total collisions: 88
# of comparisons: 207, records inserted: 119, load factor: 0.991667

762304  469301  176298  
643519  350516  57513   
None    231731  675195  
849413  556410  263407  
730628  437625  144622  
611843  318840  25837   
493058  200055  825656  
817737  81270   524734  
698952  405949  112946  
580167  287164  754385  
461382  168379  873170  
342597  49594   904846  
667276  374273  841494  
548491  255488  722709  
429706  136703  603924  
310921  17918   928603  
192136  635600  809818  
516815  223812  691033  
398030  105027  572248  
279245  865251  453463  
160460  786061  778142  
41675   485139  659357  
366354  73351   540572  
247569  714790  421787  
128784  833575  303002  
9999    920684  627681  
334678  801899  508896  
215893  683114  390111  
97108   564329  271326  
896927  889008  152541  
596005  770223  477220  
184217  651438  358435  
65432   532653  239650  
936522  857332  120865  
746466  738547  445544  
912765  619762  326759  
33756   500977  207974  
793980  382192  89189   
944441  706871  413868  
881089  588086  295083  

Execution Time: 3.124e-04 seconds
Memory Usage: 0.000e+00 bytes
