original input:
640246, 121228, 44958, 645323, 32652, 
752332, 592322, 527923, 286433, 59402, 
652352, 908172, 136238, 477932, 256672, 
369168, 400525, 83442, 246627, 166433, 
611373, 645027, 166721, 22923, 59904, 
274803, 456778, 87093, 26447, 765741, 
311630, 688035, 315021, 50755, 655481, 
300299, 882600, 551151, 372342, 139441, 
252284, 844996, 802740, 440610, 828065, 
738070, 849030, 855529, 469029, 596291, 
276324, 844434, 538741, 581308, 17006, 
401881, 140212, 106996, 870929, 635342, 
884046, 163589, 378210, 152999, 136774, 
133785, 14536, 891745, 628492, 630331, 
673398, 122293, 505866, 797978, 711766, 
479379, 456189, 89943, 349793, 773374, 
326209, 286668, 490378, 37188, 211269, 
72377, 620122, 835991, 494654, 336780, 
700150, 683693, 310488, 191948, 692894, 
792305, 184359, 853731, 207183, 240323, 
531675, 134181, 181511, 297843, 222673, 
671553, 813416, 409493

scheme -1 (division) - modulo: 127, bucket size: 1, quadratic
# of primary collisions: 40, secondary collisions: 78, total collisions: 118
# of comparisons: 226, records inserted: 108, load factor: 0.900000

44958   592322  908172  83442   246627  
256672  611373  538741  140212  645027  
139441  844434  378210  32652   884046  
None    136774  163589  469029  456189  
122293  None    None    None    None    
828065  596291  89943   181511  581308  
630331  477932  26447   505866  655481  
849030  645323  797978  853731  640246  
240323  None    297843  349793  673398  
490378  700150  440610  286433  409493  
286668  191948  683693  401881  133785  
None    222673  855529  765741  14536   
207183  315021  252284  166433  22923   
844996  106996  531675  211269  134181  
121228  300299  711766  738070  326209  
773374  688035  882600  891745  792305  
652352  479379  50755   184359  813416  
835991  456778  59904   635342  None    
870929  152999  None    59402   136238  
400525  628492  166721  87093   311630  
802740  310488  274803  276324  37188   
372342  369168  336780  620122  692894  
None    752332  527923  None    72377   
17006   494654  None    671553  551151  

Execution Time: 7.786e-02 seconds
Memory Usage: 1.049e+06 bytes
