Input keys size: 40
Table Size: 120
Input keys: 
23193 4774 77799 66248 44515
89934 42116 89334 22404 31668
86954 50115 69370 61813 76112
65814 75209 20117 24758 72571
23812 14918 34631 50349 39278
92669 88707 6024 64217 66161
57425 68816 82062 51749 78668
49351 73980 79907 91060 79939

-----------------------------------------------
method:division linear mod120 bucket1
primary collisions: 7
secondary collisions: 4
total collisions: 11
Keys not inserted: []
Load factor: 0.3333333333333333
Table: 
-1    -1    -1    -1    -1
-1    -1    66248 -1    69370
-1    -1    61813 -1    -1
-1    64217 -1    79939 -1
-1    -1    -1    6024  -1
-1    88707 -1    92669 51749
49351 76112 23193 -1    -1
-1    -1    24758 77799 14918
39278 66161 -1    -1    -1
-1    -1    -1    -1    -1
-1    23812 -1    89934 89334
65814 68816 -1    -1    73980
-1    -1    -1    -1    57425
-1    -1    78668 50349 -1
34631 -1    -1    86954 50115
-1    20117 -1    -1    -1
-1    -1    -1    22404 -1
-1    -1    -1    75209 -1
72571 -1    -1    4774 -1
-1    -1    -1    -1    91060
-1    82062 -1    -1    -1
-1    79907 31668 -1    -1
-1    -1    -1    -1    44515
42116 -1    -1    -1    -1


