original input:
640246, 121228, 44958, 645323, 32652, 
752332, 592322, 527923, 286433, 59402, 
652352, 908172, 136238, 477932, 256672, 
369168, 400525, 83442, 246627, 166433, 
611373, 645027, 166721, 22923, 59904, 
274803, 456778, 87093, 26447, 765741, 
311630, 688035, 315021, 50755, 655481, 
300299, 882600, 551151, 372342, 139441, 
252284, 844996, 802740, 440610, 828065, 
738070, 849030, 855529, 469029, 596291, 
276324, 844434, 538741, 581308, 17006, 
401881, 140212, 106996, 870929, 635342, 
884046, 163589, 378210, 152999, 136774, 
133785, 14536, 891745, 628492, 630331, 
673398, 122293, 505866, 797978, 711766, 
479379, 456189, 89943, 349793, 773374, 
326209, 286668, 490378, 37188, 211269, 
72377, 620122, 835991, 494654, 336780, 
700150, 683693, 310488, 191948, 692894, 
792305, 184359, 853731, 207183, 240323, 
531675, 134181, 181511, 297843, 222673, 
671553, 813416, 409493

scheme -1 (division) - modulo: 41, bucket size: 3, linear
# of primary collisions: 87, secondary collisions: 3453, total collisions: 3540
# of comparisons: 3648, records inserted: 108, load factor: 0.900000

139441  652352  26447   
59904   369168  22923   
802740  527923  286433  
83442   87093   252284  
256672  246627  166433  
645027  32652   166721  
688035  315021  655481  
274803  44958   752332  
645323  908172  611373  
765741  300299  551151  
311630  640246  121228  
372342  59402   882600  
592322  136238  477932  
400525  456778  50755   
844996  440610  828065  
738070  849030  855529  
469029  596291  276324  
844434  538741  581308  
17006   401881  140212  
106996  870929  635342  
884046  163589  378210  
152999  136774  133785  
14536   891745  628492  
630331  673398  122293  
505866  797978  711766  
479379  456189  89943   
349793  773374  326209  
286668  490378  37188   
211269  72377   620122  
835991  494654  336780  
700150  683693  310488  
191948  692894  792305  
184359  853731  207183  
240323  531675  134181  
181511  297843  222673  
671553  813416  409493  
None    None    None    
None    None    None    
None    None    None    
None    None    None    

Execution Time: 1.927e-01 seconds
Memory Usage: 5.243e+06 bytes
