original input:
845212, 518093, 600713, 191164, 572379, 
678065, 509823, 522737, 903975, 310534, 
512807, 526935, 880157, 258443, 37193, 
34440, 315558, 374756, 587160, 174410, 
135713, 414059, 238261, 736003, 635897, 
132819, 837552, 736601, 419094, 760794, 
702798, 339719, 93775, 879499, 692390, 
477501, 551453, 20429, 137573, 83733, 
190986, 592460, 800625, 22093, 128200, 
722594, 71403, 167142, 347807, 422593, 
624109, 646744, 310398, 384479, 433747, 
487696, 539923, 723295, 696759, 534823, 
558229, 453976, 55476, 883328, 439870, 
411140, 87532, 720029, 844983, 651911, 
372709, 573246, 855275, 462522, 252846, 
618104, 217597, 34451, 504031, 522670, 
318806, 167795, 240606, 165679

scheme -1 (division) - modulo: 120, bucket size: 1, quadratic
# of primary collisions: 29, secondary collisions: 33, total collisions: 62
# of comparisons: 146, records inserted: 84, load factor: 0.700000

34440   587160  339719  71403   191164  
384479  573246  252846  883328  240606  
372709  34451   None    22093   None    
903975  526935  522737  635897  879499  
592460  477501  487696  411140  None    
None    453976  None    None    20429   
720029  504031  None    None    None    
855275  55476   217597  167795  696759  
128200  736601  462522  736003  539923  
None    None    512807  347807  None    
174410  None    845212  518093  419094  
93775   551453  None    723295  414059  
None    238261  87532   509823  646744  
678065  190986  433747  137573  844983  
439870  651911  837552  422593  722594  
None    522670  880157  315558  702798  
165679  310398  None    258443  None    
None    318806  None    None    None    
None    None    None    83733   310534  
None    None    None    None    572379  
132819  None    167142  534823  618104  
800625  None    None    None    624109  
692390  None    558229  600713  37193   
760794  374756  None    None    135713  

Execution Time: 7.179e-02 seconds
Memory Usage: 1.049e+06 bytes
