original input:
1000, 1001, 1002, 1003, 1004, 
1005, 1006, 1007, 1008, 1009, 
1010, 1011, 1012, 1013, 1014, 
1015, 1016, 1017, 1018, 1019, 
1020, 1021, 1022, 1023, 1024, 
1025, 1026, 1027, 1028, 1029, 
1030, 1031, 1032, 1033, 1034, 
1035, 1036, 1037, 1038, 1039, 
1040, 1041, 1042, 1043, 1044, 
1045, 1046, 1047, 1048, 1049, 
1050, 1051, 1052, 1053, 1054, 
1055, 1056, 1057, 1058, 1059, 
1060, 1061, 1062, 1063, 1064, 
1065, 1066, 1067, 1068, 1069, 
1070, 1071, 1072, 1073, 1074, 
1075, 1076, 1077, 1078, 1079, 
1080, 1081, 1082, 1083, 1084, 
1085, 1086, 1087, 1088, 1089, 
1090, 1091, 1092, 1093, 1094, 
1095, 1096, 1097, 1098, 1099, 
1100, 1101, 1102, 1103, 1104, 
1105, 1106, 1107, 1108, 1109, 
1110, 1111, 1112, 1113, 1114, 
1115, 1116, 1117, 1118

scheme -1 (custom) - modulo: N/A, bucket size: 1, linear
# of primary collisions: 104, secondary collisions: 832, total collisions: 936
# of comparisons: 1055, records inserted: 119, load factor: 0.991667

1064    1067    1072    1075    1083    
1091    1099    1107    1080    1005    
1013    1021    1029    1037    1045    
1053    1061    1069    1077    1085    
1088    1093    1096    1104    1112    
1101    1002    1010    1018    1026    
1034    1042    1050    1058    1066    
1074    1082    1090    1098    1106    
1109    1115    1114    1007    1004    
1015    1023    1031    1039    1047    
1055    1063    1071    1079    1087    
1095    1103    1111    1117    None    
1012    1001    1009    1017    1020    
1028    1036    1044    1052    1060    
1068    1076    1084    1092    1100    
1108    1116    1025    1006    1014    
1022    1030    1033    1038    1041    
1049    1057    1065    1073    1081    
1089    1097    1105    1113    1046    
1003    1011    1019    1027    1035    
1043    1051    1054    1062    1070    
1078    1086    1094    1102    1110    
1118    1059    1000    1008    1016    
1024    1032    1040    1048    1056    

Execution Time: 1.086e-01 seconds
Memory Usage: 2.097e+06 bytes
