original input:
1, 2, 3, 4, 5, 
6, 7, 8, 9, 10, 
11, 12, 13, 14, 15, 
16, 17, 18, 19, 20, 
21, 22, 23, 24, 25, 
26, 27, 28, 29, 30, 
31, 32, 33, 34, 35, 
36, 37, 38, 39, 40, 
41, 42, 43, 44, 45, 
46, 47, 48, 49, 50, 
51, 52, 53, 54, 55, 
56, 57, 58, 59, 60, 
61, 62, 63, 64, 65, 
66, 67, 68, 69, 70, 
71, 72, 73, 74, 75, 
76, 77, 78, 79, 80, 
81, 82, 83, 84, 85, 
86, 87, 88, 89, 90, 
91, 92, 93, 94, 95, 
96, 97, 98, 99, 100, 
101, 102, 103, 104, 105, 
106, 107, 108, 109, 110, 
1000, 1113, 1500, 1613, 2000, 
2113

scheme -1 (custom) - modulo: N/A, bucket size: 1, linear
# of primary collisions: 103, secondary collisions: 915, total collisions: 1018
# of comparisons: 1134, records inserted: 116, load factor: 0.966667

8       16      24      32      40      
48      56      64      67      75      
83      91      99      107     1000    
1500    72      5       13      21      
29      37      45      53      61      
69      77      80      85      88      
96      104     2000    93      2       
10      18      26      34      42      
50      58      66      74      82      
90      98      101     106     109     
2113    7       15      23      31      
39      47      55      63      71      
79      87      95      103     None    
None    None    None    4       1       
9       12      17      20      28      
36      44      52      60      68      
76      84      92      100     108     
25      6       14      22      30      
33      41      49      57      65      
73      81      89      97      105     
1113    1613    38      3       11      
19      27      35      43      46      
51      54      62      70      78      
86      94      102     110     59      

Execution Time: 1.637e-01 seconds
Memory Usage: 2.097e+06 bytes
