original input:
1000, 1001, 1002, 1003, 1004, 
1005, 1006, 1007, 1008, 1009, 
1010, 1011, 1012, 1013, 1014, 
1015, 1016, 1017, 1018, 1019, 
1020, 1021, 1022, 1023, 1024, 
1025, 1026, 1027, 1028, 1029, 
1030, 1031, 1032, 1033, 1034, 
1035, 1036, 1037, 1038, 1039, 
1040, 1041, 1042, 1043, 1044, 
1045, 1046, 1047, 1048, 1049, 
1050, 1051, 1052, 1053, 1054, 
1055, 1056, 1057, 1058, 1059, 
1060, 1061, 1062, 1063, 1064, 
1065, 1066, 1067, 1068, 1069, 
1070, 1071, 1072, 1073, 1074, 
1075, 1076, 1077, 1078, 1079, 
1080, 1081, 1082, 1083, 1084, 
1085, 1086, 1087, 1088, 1089, 
1090, 1091, 1092, 1093, 1094, 
1095, 1096, 1097, 1098, 1099, 
1100, 1101, 1102, 1103, 1104, 
1105, 1106, 1107, 1108, 1109, 
1110, 1111, 1112, 1113, 1114, 
1115, 1116, 1117, 1118

scheme -1 (custom) - modulo: N/A, bucket size: 1, quadratic
# of primary collisions: 107, secondary collisions: 1227, total collisions: 1334
# of comparisons: 1453, records inserted: 119, load factor: 0.991667

1093    1063    1032    1105    1107    
1113    1052    1040    1072    1005    
1013    1080    1021    1048    1071    
1029    1109    1090    1060    1037    
1056    1112    1110    1065    1045    
1077    1002    1010    1064    1018    
1053    1068    1026    None    1087    
1073    1034    1061    1117    1098    
1070    1042    1082    1007    1004    
1069    1015    1050    1081    1023    
1118    1092    1078    1031    1058    
1116    1095    1075    1039    1079    
1012    1001    1009    1020    1017    
1086    1028    1115    1089    1083    
1036    1047    1106    1100    1088    
1044    1076    1025    1006    1014    
1033    1022    1091    1041    1030    
1094    1096    1049    1038    1111    
1097    1101    1057    1084    1046    
1003    1011    1054    1019    1085    
1062    1027    1099    1103    1066    
1035    1108    1102    1114    1055    
1043    1059    1000    1008    1067    
1016    1051    1074    1024    1104    

Execution Time: 1.087e-01 seconds
Memory Usage: 2.097e+06 bytes
