original input:
755174, 305987, 796405, 56417, 130118, 
173347, 266266, 323659, 771587, 118510, 
896553, 515290, 512386, 361486, 466431, 
744230, 15088, 172921, 695141, 699891, 
795730, 122675, 294193, 590245, 805881, 
299425, 462253, 548095, 813459, 448459, 
884815, 387131, 611358, 86509, 666760, 
587816, 451064, 828347, 439065, 562107, 
190099, 776206, 351294, 276340, 710788, 
34031, 306510, 250159, 88186, 27806, 
27643, 75842, 901067, 630399, 590452, 
854137, 306410, 212866, 779819, 475788, 
236725, 184590, 107440, 721018, 268619, 
87882, 324507, 188037, 355963, 21575, 
503241, 473993, 865047, 410189, 887134, 
76666, 265960, 305569, 295913, 68633, 
351866, 470352, 482565, 649938, 740984, 
343674, 309243, 500694, 763955, 691613, 
401605, 286800, 115387, 855005, 860494, 
657509, 728688, 401518, 52629, 116781, 
515986, 170302, 451248, 763593, 594741, 
879137, 585036, 129696, 303857, 660953, 
830771, 535386, 849109, 497794, 756007, 
692056, 450011, 250488, 648842, 328813

scheme -1 (division) - modulo: 41, bucket size: 3, linear
# of primary collisions: 95, secondary collisions: 4740, total collisions: 4835
# of comparisons: 4955, records inserted: 120, load factor: 1.000000

15088   56417   515290  
795730  305987  323659  
896553  122675  771587  
512386  590245  299425  
266266  548095  448459  
466431  387131  611358  
294193  462253  118510  
796405  699891  813459  
172921  130118  805881  
695141  666760  451064  
361486  828347  190099  
351294  276340  884815  
755174  439065  562107  
744230  173347  86509   
587816  776206  710788  
34031   306510  250159  
88186   27806   27643   
75842   901067  630399  
590452  854137  306410  
212866  779819  475788  
236725  184590  107440  
721018  268619  87882   
324507  188037  355963  
21575   503241  473993  
865047  410189  887134  
76666   265960  305569  
295913  68633   351866  
470352  482565  649938  
740984  343674  309243  
500694  763955  691613  
401605  286800  115387  
855005  860494  657509  
728688  401518  52629   
116781  515986  170302  
451248  763593  594741  
879137  585036  129696  
303857  660953  830771  
535386  849109  497794  
756007  692056  450011  
250488  648842  328813  

Execution Time: 2.560e-01 seconds
Memory Usage: 7.340e+06 bytes
