original input:
9999, 17918, 25837, 33756, 41675, 
49594, 57513, 65432, 73351, 81270, 
89189, 97108, 105027, 112946, 120865, 
128784, 136703, 144622, 152541, 160460, 
168379, 176298, 184217, 192136, 200055, 
207974, 215893, 223812, 231731, 239650, 
247569, 255488, 263407, 271326, 279245, 
287164, 295083, 303002, 310921, 318840, 
326759, 334678, 342597, 350516, 358435, 
366354, 374273, 382192, 390111, 398030, 
405949, 413868, 421787, 429706, 437625, 
445544, 453463, 461382, 469301, 477220, 
485139, 493058, 500977, 508896, 516815, 
524734, 532653, 540572, 548491, 556410, 
564329, 572248, 580167, 588086, 596005, 
603924, 611843, 619762, 627681, 635600, 
643519, 651438, 659357, 667276, 675195, 
683114, 691033, 698952, 706871, 714790, 
722709, 730628, 738547, 746466, 754385, 
762304, 770223, 778142, 786061, 793980, 
801899, 809818, 817737, 825656, 833575, 
841494, 849413, 857332, 865251, 873170, 
881089, 889008, 896927, 904846, 912765, 
920684, 928603, 936522, 944441

scheme -1 (division) - modulo: 127, bucket size: 1, quadratic
# of primary collisions: 18, secondary collisions: 129, total collisions: 147
# of comparisons: 266, records inserted: 119, load factor: 0.991667

215893  239650  596005  350516  374273  
105027  128784  485139  508896  263407  
643519  17918   398030  778142  152541  
532653  912765  287164  667276  41675   
421787  801899  176298  556410  889008  
310921  691033  65432   445544  825656  
200055  580167  730628  334678  714790  
89189   469301  849413  223812  603924  
936522  358435  738547  112946  493058  
865251  247569  619762  627681  382192  
754385  136703  516815  762304  271326  
651438  25837   405949  786061  160460  
540572  881089  295083  675195  49594   
429706  809818  184217  564329  904846  
318840  698952  73351   453463  833575  
207974  588086  928603  342597  722709  
97108   477220  857332  231731  611843  
None    366354  746466  120865  500977  
873170  255488  635600  9999    390111  
770223  144622  524734  896927  279245  
659357  33756   413868  793980  168379  
548491  920684  303002  683114  57513   
437625  817737  192136  572248  944441  
326759  706871  81270   461382  841494  

Execution Time: 4.598e-01 seconds
Memory Usage: 1.049e+06 bytes
