original input:
1, 2, 3, 4, 5, 
6, 7, 8, 9, 10, 
11, 12, 13, 14, 15, 
16, 17, 18, 19, 20, 
21, 22, 23, 24, 25, 
26, 27, 28, 29, 30, 
31, 32, 33, 34, 35, 
36, 37, 38, 39, 40, 
41, 42, 43, 44, 45, 
46, 47, 48, 49, 50, 
51, 52, 53, 54, 55, 
56, 57, 58, 59, 60, 
61, 62, 63, 64, 65, 
66, 67, 68, 69, 70, 
71, 72, 73, 74, 75, 
76, 77, 78, 79, 80, 
81, 82, 83, 84, 85, 
86, 87, 88, 89, 90, 
91, 92, 93, 94, 95, 
96, 97, 98, 99, 100, 
101, 102, 103, 104, 105, 
106, 107, 108, 109, 110, 
1000, 1113, 1500, 1613, 2000, 
2113

scheme 8 (division) - modulo: 113, bucket size: 1, quadratic
# of primary collisions: 6, secondary collisions: 135, total collisions: 141
# of comparisons: 257, records inserted: 116, load factor: 0.966667

None    1       2       3       4       
5       6       7       8       9       
10      11      12      13      14      
15      16      17      18      19      
20      21      22      23      24      
25      26      27      28      29      
30      31      32      33      34      
35      36      37      38      39      
40      41      42      43      44      
45      46      47      48      49      
50      51      52      53      54      
55      56      57      58      59      
60      61      62      63      64      
65      66      67      68      69      
70      71      72      73      74      
75      76      77      78      79      
80      81      82      83      84      
85      86      87      88      89      
90      91      92      93      94      
95      96      97      98      99      
100     101     102     103     104     
105     106     107     108     109     
110     1000    1613    None    None    
2000    1500    1113    None    2113    

Execution Time: 4.372e-04 seconds
Memory Usage: 0.000e+00 bytes
