original input:
640246, 121228, 44958, 645323, 32652, 
752332, 592322, 527923, 286433, 59402, 
652352, 908172, 136238, 477932, 256672, 
369168, 400525, 83442, 246627, 166433, 
611373, 645027, 166721, 22923, 59904, 
274803, 456778, 87093, 26447, 765741, 
311630, 688035, 315021, 50755, 655481, 
300299, 882600, 551151, 372342, 139441, 
252284, 844996, 802740, 440610, 828065, 
738070, 849030, 855529, 469029, 596291, 
276324, 844434, 538741, 581308, 17006, 
401881, 140212, 106996, 870929, 635342, 
884046, 163589, 378210, 152999, 136774, 
133785, 14536, 891745, 628492, 630331, 
673398, 122293, 505866, 797978, 711766, 
479379, 456189, 89943, 349793, 773374, 
326209, 286668, 490378, 37188, 211269, 
72377, 620122, 835991, 494654, 336780, 
700150, 683693, 310488, 191948, 692894, 
792305, 184359, 853731, 207183, 240323, 
531675, 134181, 181511, 297843, 222673, 
671553, 813416, 409493

scheme 1 (division) - modulo: 120, bucket size: 1, linear
# of primary collisions: 50, secondary collisions: 264, total collisions: 314
# of comparisons: 422, records inserted: 108, load factor: 0.900000

882600  139441  592322  59402   22923   
274803  401881  884046  297843  None    
None    596291  32652   908172  122293  
494654  14536   72377   692894  None    
None    765741  315021  134181  59904   
891745  None    246627  121228  645027  
849030  581308  652352  163589  671553  
None    None    None    136238  184359  
None    166721  83442   527923  655481  
252284  640246  26447   369168  855529  
711766  326209  752332  140212  628492  
683693  310488  853731  456778  300299  
802740  538741  635342  89943   490378  
828065  505866  336780  191948  469029  
738070  456189  211269  835991  700150  
688035  844996  106996  44958   673398  
792305  207183  620122  645323  276324  
400525  17006   240323  531675  870929  
440610  378210  477932  611373  87093   
136774  630331  773374  797978  479379  
181511  222673  372342  813416  409493  
133785  None    None    286668  37188   
311630  551151  256672  286433  166433  
50755   844434  349793  None    152999  

Execution Time: 1.549e-03 seconds
Memory Usage: 0.000e+00 bytes
