original input:
9999, 17918, 25837, 33756, 41675, 
49594, 57513, 65432, 73351, 81270, 
89189, 97108, 105027, 112946, 120865, 
128784, 136703, 144622, 152541, 160460, 
168379, 176298, 184217, 192136, 200055, 
207974, 215893, 223812, 231731, 239650, 
247569, 255488, 263407, 271326, 279245, 
287164, 295083, 303002, 310921, 318840, 
326759, 334678, 342597, 350516, 358435, 
366354, 374273, 382192, 390111, 398030, 
405949, 413868, 421787, 429706, 437625, 
445544, 453463, 461382, 469301, 477220, 
485139, 493058, 500977, 508896, 516815, 
524734, 532653, 540572, 548491, 556410, 
564329, 572248, 580167, 588086, 596005, 
603924, 611843, 619762, 627681, 635600, 
643519, 651438, 659357, 667276, 675195, 
683114, 691033, 698952, 706871, 714790, 
722709, 730628, 738547, 746466, 754385, 
762304, 770223, 778142, 786061, 793980, 
801899, 809818, 817737, 825656, 833575, 
841494, 849413, 857332, 865251, 873170, 
881089, 889008, 896927, 904846, 912765, 
920684, 928603, 936522, 944441

scheme -1 (division) - modulo: 120, bucket size: 1, linear
# of primary collisions: 0, secondary collisions: 0, total collisions: 0
# of comparisons: 119, records inserted: 119, load factor: 0.991667

318840  310921  303002  295083  287164  
279245  271326  263407  255488  247569  
239650  231731  223812  215893  207974  
200055  192136  184217  176298  168379  
160460  152541  144622  136703  128784  
120865  112946  105027  97108   89189   
81270   73351   65432   57513   49594   
41675   33756   25837   17918   9999    
None    944441  936522  928603  920684  
912765  904846  896927  889008  881089  
873170  865251  857332  849413  841494  
833575  825656  817737  809818  801899  
793980  786061  778142  770223  762304  
754385  746466  738547  730628  722709  
714790  706871  698952  691033  683114  
675195  667276  659357  651438  643519  
635600  627681  619762  611843  603924  
596005  588086  580167  572248  564329  
556410  548491  540572  532653  524734  
516815  508896  500977  493058  485139  
477220  469301  461382  453463  445544  
437625  429706  421787  413868  405949  
398030  390111  382192  374273  366354  
358435  350516  342597  334678  326759  

Execution Time: 1.362e-01 seconds
Memory Usage: 1.049e+06 bytes
