original input:
1, 2, 3, 4, 5, 
6, 7, 8, 9, 10, 
11, 12, 13, 14, 15, 
16, 17, 18, 19, 20, 
21, 22, 23, 24, 25, 
26, 27, 28, 29, 30, 
31, 32, 33, 34, 35, 
36, 37, 38, 39, 40, 
41, 42, 43, 44, 45, 
46, 47, 48, 49, 50, 
51, 52, 53, 54, 55, 
56, 57, 58, 59, 60, 
61, 62, 63, 64, 65, 
66, 67, 68, 69, 70, 
71, 72, 73, 74, 75, 
76, 77, 78, 79, 80, 
81, 82, 83, 84, 85, 
86, 87, 88, 89, 90, 
91, 92, 93, 94, 95, 
96, 97, 98, 99, 100, 
101, 102, 103, 104, 105, 
106, 107, 108, 109, 110, 
1000, 1113, 1500, 1613, 2000, 
2113

scheme 13 (custom) - modulo: N/A, bucket size: 1, quadratic
# of primary collisions: 104, secondary collisions: 906, total collisions: 1010
# of comparisons: 1126, records inserted: 116, load factor: 0.966667

8       16      67      24      51      
66      32      96      108     71      
40      105     107     1000    52      
48      72      5       13      74      
21      56      79      29      109     
98      60      37      64      104     
110     65      45      77      2       
10      87      18      53      68      
26      None    95      73      34      
61      None    106     70      42      
82      7       15      69      23      
50      81      31      1613    92      
78      39      58      None    103     
75      47      90      4       1       
9       12      17      86      20      
2000    89      83      28      55      
1113    100     80      36      76      
25      6       14      33      22      
91      41      30      94      88      
49      44      2113    97      93      
57      84      38      3       11      
46      19      85      54      27      
99      101     62      35      1500    
102     None    63      43      59      

Execution Time: 1.012e-03 seconds
Memory Usage: 0.000e+00 bytes
