original input:
755174, 305987, 796405, 56417, 130118, 
173347, 266266, 323659, 771587, 118510, 
896553, 515290, 512386, 361486, 466431, 
744230, 15088, 172921, 695141, 699891, 
795730, 122675, 294193, 590245, 805881, 
299425, 462253, 548095, 813459, 448459, 
884815, 387131, 611358, 86509, 666760, 
587816, 451064, 828347, 439065, 562107, 
190099, 776206, 351294, 276340, 710788, 
34031, 306510, 250159, 88186, 27806, 
27643, 75842, 901067, 630399, 590452, 
854137, 306410, 212866, 779819, 475788, 
236725, 184590, 107440, 721018, 268619, 
87882, 324507, 188037, 355963, 21575, 
503241, 473993, 865047, 410189, 887134, 
76666, 265960, 305569, 295913, 68633, 
351866, 470352, 482565, 649938, 740984, 
343674, 309243, 500694, 763955, 691613, 
401605, 286800, 115387, 855005, 860494, 
657509, 728688, 401518, 52629, 116781, 
515986, 170302, 451248, 763593, 594741, 
879137, 585036, 129696, 303857, 660953, 
830771, 535386, 849109, 497794, 756007, 
692056, 450011, 250488, 648842, 328813

scheme 2 (division) - modulo: 120, bucket size: 1, quadratic
# of primary collisions: 62, secondary collisions: 424, total collisions: 486
# of comparisons: 606, records inserted: 120, load factor: 1.000000

286800  172921  75842   295913  309243  
740984  855005  212866  68633   450011  
515290  795730  387131  462253  755174  
648842  401605  56417   649938  323659  
448459  116781  190099  170302  594741  
299425  351866  562107  710788  410189  
306510  184590  657509  896553  401518  
122675  763955  324507  130118  630399  
666760  107440  87882   27643   355963  
482565  361486  776206  728688  305569  
306410  699891  590452  691613  351294  
548095  884815  587816  721018  779819  
268619  265960  879137  451248  76666   
860494  763593  173347  115387  500694  
118510  34031   470352  294193  692056  
52629   535386  515986  611358  250159  
849109  805881  503241  303857  660953  
796405  590245  27806   15088   830771  
865047  236725  497794  250488  887134  
21575   129696  854137  756007  813459  
276340  695141  585036  328813  451064  
439065  266266  305987  771587  512386  
744230  466431  86509   828347  475788  
343674  88186   901067  188037  473993  

Execution Time: 7.935e-04 seconds
Memory Usage: 0.000e+00 bytes
