original input:
755174, 305987, 796405, 56417, 130118, 
173347, 266266, 323659, 771587, 118510, 
896553, 515290, 512386, 361486, 466431, 
744230, 15088, 172921, 695141, 699891, 
795730, 122675, 294193, 590245, 805881, 
299425, 462253, 548095, 813459, 448459, 
884815, 387131, 611358, 86509, 666760, 
587816, 451064, 828347, 439065, 562107, 
190099, 776206, 351294, 276340, 710788, 
34031, 306510, 250159, 88186, 27806, 
27643, 75842, 901067, 630399, 590452, 
854137, 306410, 212866, 779819, 475788, 
236725, 184590, 107440, 721018, 268619, 
87882, 324507, 188037, 355963, 21575, 
503241, 473993, 865047, 410189, 887134, 
76666, 265960, 305569, 295913, 68633, 
351866, 470352, 482565, 649938, 740984, 
343674, 309243, 500694, 763955, 691613, 
401605, 286800, 115387, 855005, 860494, 
657509, 728688, 401518, 52629, 116781, 
515986, 170302, 451248, 763593, 594741, 
879137, 585036, 129696, 303857, 660953, 
830771, 535386, 849109, 497794, 756007, 
692056, 450011, 250488, 648842, 328813

scheme 7 (division) - modulo: 113, bucket size: 1, linear
# of primary collisions: 66, secondary collisions: 596, total collisions: 662
# of comparisons: 782, records inserted: 120, load factor: 1.000000

303857  250488  648842  401605  328813  
173347  901067  779819  27806   776206  
515290  896553  744230  188037  355963  
286800  115387  305569  710788  34031   
75842   268619  170302  771587  594741  
884815  660953  323659  611358  590452  
56417   172921  865047  190099  401518  
515986  585036  849109  266266  451248  
497794  343674  68633   740984  512386  
548095  590245  562107  88186   470352  
855005  756007  503241  76666   294193  
130118  276340  828347  306510  15088   
666760  439065  475788  184590  86509   
482565  691613  306410  728688  116781  
122675  27643   473993  265960  763593  
448459  649938  309243  695141  805881  
466431  451064  699891  462253  854137  
813459  118510  630399  299425  212866  
351294  250159  107440  721018  796405  
87882   305987  795730  324507  887134  
295913  351866  763955  587816  236725  
21575   387131  500694  755174  657509  
52629   879137  361486  410189  860494  
129696  830771  535386  692056  450011  

Execution Time: 1.531e-03 seconds
Memory Usage: 0.000e+00 bytes
