original input:
845212, 518093, 600713, 191164, 572379, 
678065, 509823, 522737, 903975, 310534, 
512807, 526935, 880157, 258443, 37193, 
34440, 315558, 374756, 587160, 174410, 
135713, 414059, 238261, 736003, 635897, 
132819, 837552, 736601, 419094, 760794, 
702798, 339719, 93775, 879499, 692390, 
477501, 551453, 20429, 137573, 83733, 
190986, 592460, 800625, 22093, 128200, 
722594, 71403, 167142, 347807, 422593, 
624109, 646744, 310398, 384479, 433747, 
487696, 539923, 723295, 696759, 534823, 
558229, 453976, 55476, 883328, 439870, 
411140, 87532, 720029, 844983, 651911, 
372709, 573246, 855275, 462522, 252846, 
618104, 217597, 34451, 504031, 522670, 
318806, 167795, 240606, 165679

scheme 8 (division) - modulo: 113, bucket size: 1, quadratic
# of primary collisions: 36, secondary collisions: 39, total collisions: 75
# of comparisons: 159, records inserted: 84, load factor: 0.700000

880157  135713  592460  83733   696759  
600713  None    883328  None    539923  
310534  624109  258443  512807  551453  
587160  526935  37193   167142  190986  
879499  800625  720029  462522  558229  
None    None    414059  None    651911  
240606  165679  None    318806  572379  
736003  372709  None    None    692390  
None    339719  None    None    132819  
646744  635897  411140  374756  None    
None    174410  702798  137573  384479  
453976  433747  238261  22093   128200  
522670  504031  315558  None    None    
678065  252846  736601  None    None    
87532   None    722594  217597  439870  
None    477501  None    760794  None    
509823  191164  844983  None    None    
845212  422593  None    903975  34440   
419094  855275  20429   None    None    
723295  None    None    93775   34451   
71403   518093  487696  310398  167795  
None    347807  534823  618104  837552  
573246  None    522737  None    None    
None    55476   None    None    None    

Execution Time: 2.983e-04 seconds
Memory Usage: 0.000e+00 bytes
